                0.02     -0.030080108986      0.022551469961
                0.04     0.0046612081808      0.087994541514
                0.06    -0.0017301261676      0.093251952685
                0.08      0.073850365065       0.17767096307
                 0.1      0.079524760329       0.19052954502
                0.12      0.077491538428       0.19991169571
                0.14      0.082377491779       0.19647713704
                0.16       0.10373554745       0.21914377336
                0.18       0.10003410954       0.21959932693
                 0.2        0.1779421001       0.30133747879
                0.22       0.18075682678       0.29980444582
                0.24       0.17656456453       0.30408459603
                0.26       0.26010137834       0.38978409061
                0.28       0.26131228206       0.39185415398
                 0.3       0.25767359406        0.3913202106
                0.32       0.29966487388       0.43406037529
                0.34        0.2971977091       0.43220265624
                0.36       0.29454961406       0.43437468694
                0.38       0.30005474764       0.42992210947
                 0.4       0.29936236532        0.4283556227
                0.42       0.29986060498       0.43134980543
                0.44       0.29613920351       0.42843009455
                0.46       0.30448997348       0.43964449059
                0.48       0.43302449401       0.56534486485
                 0.5       0.45270688315       0.58631930248
                0.52       0.45724327311       0.58703270564
                0.54       0.45605851992       0.57622552976
                0.56       0.45536008835       0.57994166701
                0.58       0.45675811385       0.58264213082
                 0.6        0.4555903091        0.5805981065
                0.62       0.47280772616       0.59873889071
                0.64       0.47661399492       0.59627322974
                0.66       0.47773946602       0.59599223656
                0.68       0.53147090437       0.64916369559
                 0.7       0.53139716196       0.64803707635
                0.72        0.5616658555       0.67447825198
                0.74       0.58787623763       0.70085144172
                0.76       0.58341602228       0.69917014241
                0.78       0.58410081589       0.70125061346
                 0.8       0.58430694931       0.69887240414
                0.82       0.58695748412       0.70193074615
                0.84       0.58817070985       0.69737200505
                0.86       0.59047780559       0.70034047725
                0.88       0.58896240219       0.69840193021
                 0.9       0.59411767471       0.69919560332
                0.92       0.67047023135        0.7772735404
                0.94       0.67376928566       0.77257512378
                0.96       0.67125572408       0.77113071757
                0.98       0.70845409775       0.81036159709
                   1       0.71982545605       0.81775166658
                1.02        0.7193406849       0.81914212171
                1.04       0.71534498234       0.81579419259
                1.06        0.7201001231       0.81453650433
                1.08       0.72132273885        0.8176063508
                 1.1       0.72130076587       0.81741150834
                1.12       0.72277402549       0.81895511771
                1.14       0.72427405925       0.81785423793
                1.16       0.72820801344       0.81698888281
                1.18       0.78118993967        0.8690984458
                 1.2       0.77923296533       0.86786311103
                1.22        0.7808912464       0.86807212635
                1.24       0.77958924109       0.87047505779
                1.26       0.77817452222       0.86803555651
                1.28       0.78055589279       0.86907509082
                 1.3        0.7830785703       0.86789393708
                1.32       0.82394095825        0.9092835474
                1.34        0.8226513358       0.90524548457
                1.36       0.83290953374       0.91319220288
                1.38       0.83215120262       0.91155089537
                 1.4       0.83607769098       0.91131368214
                1.42       0.87036179637        0.9403631179
                1.44       0.86896754314        0.9407730987
                1.46        0.8682800401       0.93858453992
                1.48       0.87001045018       0.93767573944
                 1.5       0.87131897901       0.93843368248
                1.52       0.87205316438       0.93756363973
                1.54       0.87318948997       0.93921008355
                1.56       0.87368802379        0.9370983103
                1.58       0.87542901412       0.93418657496
                 1.6       0.87569179235       0.93442267571
                1.62       0.87495874163       0.93491825873
                1.64       0.90550231995       0.96462013382
                1.66       0.90616908628       0.96110761452
                1.68       0.90658161436       0.96224176106
                 1.7       0.94201147101       0.99303146492
                1.72       0.94555474832       0.99810724243
                1.74       0.94613535767       0.99799546247
                1.76       0.94561597251       0.99514477061
                1.78       0.94893604683       0.99549058519
                 1.8       0.95052655819       0.99654703926
                1.82       0.95303713316        0.9960095928
                1.84       0.95469356916       0.99412324704
                1.86       0.95440972309       0.99287126155
                1.88       0.96140246438       0.99424917971
                 1.9       0.98290158574        1.0119924948
                1.92       0.98555132765        1.0100611316
                1.94        0.9880676887        1.0092441593
                1.96       0.99070795593         1.004792463
                1.98        0.9935143529        1.0001368695
