                0.02     -0.037722666957      0.020248347536
                0.04     -0.064764227166      0.040498930728
                0.06     -0.072580721667      0.060752611666
                0.08     -0.085658584287       0.08100808238
                 0.1     -0.072069980865       0.10126335247
                0.12    -0.0042413080047       0.21242535866
                0.14     0.0019031584926       0.20994511653
                0.16       0.12628423946       0.32866519184
                0.18       0.11077970352       0.32241991516
                 0.2       0.11432956814        0.3296986278
                0.22       0.11530971342       0.33035530612
                0.24       0.11017313695       0.34132317503
                0.26        0.1094598073       0.34160266444
                0.28        0.1902484739       0.41680481748
                 0.3       0.19365135715       0.42558541888
                0.32        0.2076937963       0.44328276873
                0.34       0.27788037606       0.51719661538
                0.36        0.3420328989       0.57935347307
                0.38       0.35356194626       0.58408142678
                 0.4       0.35209698989       0.60209698989
                0.42       0.35908479846       0.58593931255
                0.44       0.34147188495       0.57923412271
                0.46       0.34485849033       0.58015260798
                0.48       0.35758405518       0.59567929327
                 0.5       0.35659483347       0.59915111524
                0.52       0.34906090217       0.59030899958
                0.54       0.35715577933       0.59408957724
                0.56       0.36087618675       0.58738575965
                0.58       0.41825702936       0.64306743022
                 0.6       0.43008279747        0.6406310568
                0.62       0.49343818171       0.71112525654
                0.64       0.49441908885       0.70219342666
                0.66       0.50084709586       0.70505762218
                0.68       0.50516078237       0.70913672624
                 0.7        0.5066935985       0.70844798447
                0.72       0.50530991437       0.71112105238
                0.74       0.62169154072       0.82019497036
                0.76       0.63068275822       0.82163298446
                0.78       0.62460708188        0.8147162662
                 0.8       0.63013952395       0.82299666681
                0.82       0.62224976464       0.81732320405
                0.84       0.62808284616       0.81827101821
                0.86       0.63179592957       0.82158903302
                0.88       0.63597086125       0.80993470334
                 0.9       0.63500471578       0.81157517418
                0.92       0.63949239621       0.80983620941
                0.94       0.63905455598       0.81263521261
                0.96       0.63543188553       0.81331950911
                0.98       0.63377365126       0.80761980511
                   1       0.63648491176       0.80184769746
                1.02       0.63837006189       0.80331089029
                1.04       0.63853701715       0.80174122653
                1.06       0.67410115501       0.82858644645
                1.08       0.73848877281       0.89540885078
                 1.1       0.73864485988       0.89081877293
                1.12       0.73415538556       0.88695427107
                1.14       0.73147858012       0.87969864485
                1.16       0.73476977015       0.88357043185
                1.18       0.73490300987       0.88198781552
                 1.2        0.7393300998       0.88373045253
                1.22       0.73786620416       0.88360641817
                1.24       0.73574972798       0.88068899924
                1.26        0.7359569635       0.87750529149
                1.28       0.73667436164       0.88270801549
                 1.3        0.7409325116       0.88276992072
                1.32       0.73922051809       0.88040053013
                1.34       0.79311757866       0.93217458077
                1.36        0.7953723008       0.93517739825
                1.38       0.79622337182        0.9323917567
                 1.4       0.79622228674       0.92809041861
                1.42       0.79962312931       0.92694142505
                1.44       0.80228425864       0.92625623549
                1.46       0.80419209778       0.92963201734
                1.48        0.8030105926       0.92640263693
                 1.5       0.84115187269       0.95887591606
                1.52       0.89039493587        1.0057350896
                1.54        0.8931760812        1.0010192185
                1.56       0.89039359609        1.0003278829
                1.58       0.89148923317       0.99850677703
                 1.6       0.89331097865       0.99849068266
                1.62       0.90345403661        1.0080327912
                1.64       0.90623772944         1.008691562
                1.66       0.90722789616        1.0052671118
                1.68       0.90852595364         1.000512131
                 1.7       0.91056962332        1.0008313289
                1.72       0.90751917865       0.99575447277
                1.74       0.91157220862       0.99777910517
                1.76       0.91544188791       0.99498734246
                1.78       0.93196481518        1.0056490257
                 1.8       0.93551870093        1.0033153111
                1.82        0.9389437207        1.0037585355
                1.84       0.94225854948        1.0032341592
                1.86       0.94547924207        1.0010347976
                1.88       0.98195424874        1.0254325096
                 1.9       0.98503273455        1.0258490611
                1.92       0.98806426965         1.021397603
                1.94        0.9910646783        1.0193665651
                1.96       0.99404793928        1.0129158638
                1.98       0.99702456155       0.99702456155
