                   0                   0
        0.1186440569      0.090909090909
        0.1440686919       0.21428571429
        0.2574745558       0.22222222222
        0.2683476695                0.25
        0.2748132051       0.31578947368
        0.3258756736                 0.4
        0.3467810556       0.45762711864
        0.4775551243       0.46666666667
        0.5631875044       0.52941176471
        0.6071775586       0.59677419355
        0.7340896235       0.71597633136
         1.050369399                0.75
         1.071652944        0.8115942029
            1.335202       0.86363636364
         1.497286043                 0.9
         1.517218881       0.94545454545
         1.619060519       0.95384615385
         1.762223563       0.96666666667
          1.87492874                   1
                   2                   1
