                   0                   0
       0.02894421948      0.043956043956
       0.06755991469       0.12643678161
       0.09996766602       0.13461538462
         0.140512379       0.15887850467
         0.181567371       0.17142857143
        0.1927235155       0.23728813559
        0.2581543523       0.32283464567
        0.3070285061       0.36388888889
        0.4536548771               0.375
        0.4782688843                 0.5
        0.4817820073       0.51764705882
        0.6148551268       0.53435114504
        0.6621816404       0.58823529412
        0.7171332318       0.61904761905
        0.7306026028               0.625
        0.7337591353       0.64418604651
        0.9020658605       0.68421052632
        0.9068447188       0.72105263158
        0.9727541809                0.75
        0.9740883862       0.75862068966
        0.9870984829       0.76939655172
         1.175553551       0.82424242424
         1.319158054       0.86440677966
          1.34803775       0.87283236994
         1.418321429       0.90392156863
         1.635755763       0.93548387097
         1.687643791             0.96875
         1.712179411       0.97222222222
         1.725011073       0.97247706422
          1.77088345       0.97395833333
         1.860020085       0.97752808989
         1.893976333       0.99601593625
         1.992652951                   1
                   2                   1
