                0.02               0.863
                0.04               0.612
                0.06               0.372
                0.08               0.176
                 0.1               0.088
                0.12               0.064
                0.14               0.056
                0.16               0.054
                0.18               0.059
                 0.2               0.068
                0.22               0.072
                0.24               0.059
                0.26               0.058
                0.28               0.065
                 0.3               0.058
                0.32               0.064
                0.34               0.071
                0.36               0.051
                0.38               0.043
                 0.4               0.045
                0.42                0.05
                0.44               0.034
                0.46               0.051
                0.48               0.057
                 0.5               0.061
                0.52               0.056
                0.54               0.059
                0.56               0.057
                0.58               0.049
                 0.6               0.043
                0.62               0.048
                0.64               0.051
                0.66               0.051
                0.68               0.051
                 0.7               0.052
                0.72                0.05
                0.74               0.057
                0.76               0.054
                0.78               0.053
                 0.8               0.058
                0.82               0.052
                0.84               0.055
                0.86               0.064
                0.88               0.068
                 0.9               0.062
                0.92                0.06
                0.94               0.059
                0.96               0.066
                0.98               0.063
                   1               0.059
                1.02               0.063
                1.04               0.061
                1.06               0.065
                1.08               0.065
                 1.1               0.056
                1.12               0.058
                1.14               0.057
                1.16               0.055
                1.18               0.063
                 1.2               0.059
                1.22               0.058
                1.24                0.06
                1.26               0.059
                1.28               0.048
                 1.3               0.053
                1.32               0.055
                1.34               0.061
                1.36               0.061
                1.38               0.067
                 1.4               0.063
                1.42               0.054
                1.44               0.058
                1.46               0.056
                1.48               0.067
                 1.5               0.063
                1.52               0.064
                1.54               0.063
                1.56               0.069
                1.58               0.056
                 1.6               0.059
                1.62               0.058
                1.64               0.053
                1.66               0.059
                1.68               0.064
                 1.7               0.075
                1.72               0.094
                1.74               0.112
                1.76                0.14
                1.78               0.177
                 1.8               0.209
                1.82               0.254
                1.84               0.293
                1.86               0.342
                1.88               0.396
                 1.9               0.441
                1.92               0.477
                1.94               0.532
                1.96               0.559
                1.98                0.81
