                0.02               0.498
                0.04               0.119
                0.06               0.069
                0.08               0.076
                 0.1                0.07
                0.12               0.059
                0.14               0.053
                0.16               0.057
                0.18               0.062
                 0.2               0.055
                0.22               0.053
                0.24               0.059
                0.26               0.049
                0.28               0.055
                 0.3               0.057
                0.32                0.06
                0.34                0.06
                0.36               0.052
                0.38               0.047
                 0.4                0.05
                0.42               0.041
                0.44               0.057
                0.46               0.048
                0.48               0.052
                 0.5               0.045
                0.52               0.038
                0.54               0.044
                0.56               0.038
                0.58               0.051
                 0.6                0.05
                0.62               0.045
                0.64               0.053
                0.66               0.064
                0.68               0.052
                 0.7                0.07
                0.72               0.059
                0.74               0.059
                0.76               0.069
                0.78               0.076
                 0.8               0.073
                0.82                0.05
                0.84               0.048
                0.86               0.051
                0.88               0.059
                 0.9               0.052
                0.92               0.057
                0.94               0.045
                0.96               0.042
                0.98               0.039
                   1               0.041
                1.02               0.041
                1.04               0.048
                1.06               0.056
                1.08               0.052
                 1.1               0.049
                1.12               0.045
                1.14               0.052
                1.16               0.064
                1.18               0.049
                 1.2               0.047
                1.22               0.045
                1.24               0.051
                1.26               0.049
                1.28               0.054
                 1.3               0.061
                1.32               0.058
                1.34               0.057
                1.36                0.05
                1.38               0.051
                 1.4               0.051
                1.42               0.045
                1.44               0.047
                1.46               0.046
                1.48               0.044
                 1.5               0.049
                1.52                0.06
                1.54               0.057
                1.56               0.062
                1.58               0.053
                 1.6               0.044
                1.62               0.037
                1.64               0.038
                1.66               0.042
                1.68               0.055
                 1.7               0.051
                1.72               0.048
                1.74               0.041
                1.76               0.053
                1.78               0.052
                 1.8               0.048
                1.82               0.054
                1.84               0.045
                1.86               0.065
                1.88               0.098
                 1.9               0.136
                1.92               0.223
                1.94                0.35
                1.96               0.475
                1.98               0.569
