                   0                   0
               0.002     0.0020247922323
               0.004     0.0040495871274
               0.006     0.0060743873302
               0.008     0.0080991954499
                0.01      0.010124014042
               0.012      0.012148845592
               0.014      0.014173692493
               0.016      0.016198557033
               0.018      0.018223441375
                0.02      0.020248347536
               0.022      0.022273277373
               0.024      0.024298232562
               0.026      0.026323214581
               0.028      0.028348224721
                0.03      0.030373264137
               0.032      0.032398333854
               0.034       0.03442343475
               0.036      0.036448567538
               0.038      0.038473732752
                0.04      0.040498930728
               0.042      0.042524161591
               0.044      0.044549425233
               0.046      0.046574721299
               0.048       0.04860004917
                0.05      0.050625407942
               0.052      0.052650796413
               0.054       0.05467621306
               0.056      0.056701656023
               0.058      0.058727123089
                0.06      0.060752611666
               0.062      0.062778118776
               0.064      0.064803641229
               0.066      0.066829176086
               0.068      0.068854720752
                0.07      0.070880272933
               0.072      0.072905830596
               0.074      0.074931391932
               0.076      0.076956955316
               0.078       0.07898251926
                0.08       0.08100808238
               0.082       0.08303364335
               0.084      0.085059200862
               0.086      0.087084753586
               0.088      0.089110300125
                0.09      0.091135838977
               0.092       0.09316136849
               0.094      0.095186886818
               0.096      0.097212391883
               0.098      0.099237881326
                 0.1       0.10126335247
               0.102       0.10328880226
               0.104       0.10531422726
               0.106       0.10733962355
               0.108       0.10936498695
                0.11       0.11139031346
               0.112       0.11341559937
               0.114       0.11544084113
               0.116       0.11746603534
               0.118       0.11949117866
                0.12       0.12151626775
               0.122       0.12354129919
               0.124        0.1255662694
               0.126       0.12759117463
               0.128       0.12961601081
                0.13       0.13164077354
               0.132       0.13366545802
               0.134       0.13569005892
               0.136       0.13771457039
               0.138       0.13973898593
                0.14       0.14176329835
               0.142       0.14378749969
               0.144       0.14581158114
               0.146       0.14783553298
               0.148        0.1498593445
                0.15       0.15188300393
               0.152       0.15390649838
               0.154       0.15592981373
               0.156       0.15795293459
               0.158       0.15997584428
                0.16       0.16199852517
               0.162        0.1640209589
               0.164       0.16604312631
               0.166       0.16806500741
               0.168        0.1700865813
                0.17       0.17210782613
               0.172       0.17412871902
               0.174         0.176149236
               0.176       0.17816935199
               0.178        0.1801890407
                0.18       0.18220827494
               0.182       0.18422702726
               0.184       0.18624526994
               0.186         0.188262975
               0.188       0.19028011419
                0.19       0.19229665887
               0.192       0.19431258008
               0.194       0.19632784841
               0.196       0.19834243402
               0.198       0.20035630658
                 0.2       0.20236943525
               0.202       0.20438178862
               0.204       0.20639333467
               0.206       0.20840404076
               0.208       0.21041387358
                0.21       0.21242279908
               0.212       0.21443078247
               0.214       0.21643778818
               0.216       0.21844377978
               0.218       0.22044871998
                0.22       0.22245257056
               0.222       0.22445529235
               0.224       0.22645684519
               0.226       0.22845718785
               0.228       0.23045627804
                0.23       0.23245407239
               0.232       0.23445052696
               0.234       0.23644559755
               0.236       0.23843924057
               0.238       0.24043141371
                0.24       0.24242207613
               0.242        0.2444111884
               0.244       0.24639871246
               0.246       0.24838461155
               0.248       0.25036885021
                0.25       0.25235139427
               0.252       0.25433221081
               0.254       0.25631126814
               0.256       0.25828853573
               0.258       0.26026398416
                0.26       0.26223758508
               0.262       0.26420931115
               0.264       0.26617913602
               0.266       0.26814703423
               0.268       0.27011298121
                0.27       0.27207695319
               0.272       0.27403892718
               0.274       0.27599888091
               0.276       0.27795679279
               0.278       0.27991264183
                0.28       0.28186640762
               0.282       0.28381807029
               0.284       0.28576761042
               0.286       0.28771500903
               0.288       0.28966024749
                0.29        0.2916033075
               0.292       0.29354417106
               0.294       0.29548282035
               0.296       0.29741923775
               0.298       0.29935340575
                 0.3       0.30128530689
               0.302       0.30321492378
               0.304       0.30514223893
               0.306       0.30706723482
               0.308       0.30898989377
                0.31        0.3109101979
               0.312       0.31282812911
               0.314         0.314743669
               0.316       0.31665679882
               0.318       0.31856749942
                0.32       0.32047575119
               0.322       0.32238153402
               0.324       0.32428482725
               0.326       0.32618560957
               0.328       0.32808385904
                0.33       0.32997955297
               0.332       0.33187266789
               0.334       0.33376317949
               0.336       0.33565106258
               0.338         0.337536291
                0.34        0.3394188376
               0.342       0.34129867415
               0.344       0.34317577131
               0.346       0.34505009853
               0.348       0.34692162406
                0.35       0.34879031481
               0.352       0.35065613636
               0.354       0.35251905284
               0.356       0.35437902693
               0.358       0.35623601973
                0.36       0.35808999079
               0.362       0.35994089864
               0.364       0.36178870163
               0.366       0.36363335801
               0.368       0.36547482588
                0.37       0.36731306324
               0.372       0.36914802789
               0.374       0.37097967744
               0.376       0.37280796928
               0.378       0.37463286055
                0.38       0.37645430814
               0.382        0.3782722686
               0.384       0.38008669819
               0.386       0.38189755288
               0.388       0.38370478898
                0.39       0.38550836361
               0.392       0.38730823469
               0.394       0.38910436099
               0.396       0.39089670209
               0.398       0.39268521843
                 0.4       0.39446987124
               0.402       0.39625062263
               0.404       0.39802743549
               0.406       0.39980027359
               0.408       0.40156910152
                0.41       0.40333388469
               0.412       0.40509458937
               0.414       0.40685118266
               0.416       0.40860363248
               0.418       0.41035190762
                0.42       0.41209597769
               0.422       0.41383581313
               0.424       0.41557138522
               0.426        0.4173026661
               0.428       0.41902962871
                0.43       0.42075224687
               0.432       0.42247049518
               0.434       0.42418434912
               0.436       0.42589378497
               0.438       0.42759877987
                0.44       0.42929931176
               0.442       0.43099535942
               0.444       0.43268690245
               0.446       0.43437392126
               0.448       0.43605639711
                0.45       0.43773431203
               0.452       0.43940764889
               0.454       0.44107639136
               0.456       0.44274052391
               0.458        0.4444000318
                0.46        0.4460549011
               0.462       0.44770511865
               0.464       0.44935067209
               0.466       0.45099154982
               0.468       0.45262774102
                0.47       0.45425923562
               0.472       0.45588602431
               0.474       0.45750809854
               0.476        0.4591254505
               0.478       0.46073807308
                0.48       0.46234595994
               0.482       0.46394910542
               0.484       0.46554750458
               0.486       0.46714115316
               0.488        0.4687300476
                0.49       0.47031418502
               0.492       0.47189356316
               0.494       0.47346818046
               0.496       0.47503803597
               0.498       0.47660312936
                 0.5       0.47816346092
               0.502       0.47971903154
               0.504       0.48126984269
               0.506        0.4828158964
               0.508       0.48435719526
                0.51       0.48589374239
               0.512       0.48742554142
               0.514       0.48895259651
               0.516       0.49047491227
               0.518       0.49199249379
                0.52       0.49350534662
               0.522        0.4950134767
               0.524       0.49651689041
               0.526        0.4980155945
               0.528       0.49950959608
                0.53       0.50099890262
               0.532       0.50248352189
               0.534       0.50396346195
               0.536       0.50543873115
               0.538       0.50690933807
                0.54       0.50837529152
               0.542        0.5098366005
               0.544       0.51129327418
               0.546       0.51274532186
               0.548       0.51419275295
                0.55       0.51563557698
               0.552       0.51707380374
               0.554       0.51850744345
               0.556       0.51993650677
               0.558       0.52136100472
                0.56       0.52278094865
               0.562       0.52419635021
               0.564       0.52560722127
               0.566       0.52701357392
               0.568       0.52841542039
                0.57       0.52981277301
               0.572       0.53120564429
               0.574       0.53259404732
               0.576       0.53397799594
               0.578       0.53535750466
                0.58        0.5367325886
               0.582        0.5381032634
               0.584       0.53946954519
               0.586       0.54083145049
               0.588       0.54218899613
                0.59       0.54354219919
               0.592       0.54489107696
               0.594       0.54623564679
               0.596       0.54757592608
               0.598       0.54891193218
                 0.6       0.55024368234
               0.602       0.55157119356
               0.604       0.55289448263
               0.606       0.55421356593
               0.608       0.55552845944
                0.61       0.55683917863
               0.612       0.55814573836
               0.614       0.55944815282
               0.616       0.56074643547
               0.618       0.56204059891
                0.62       0.56333065483
               0.622       0.56461661392
               0.624       0.56589848602
               0.626       0.56717628076
               0.628       0.56845000776
                0.63       0.56971967654
               0.632       0.57098529652
               0.634        0.5722468769
               0.636       0.57350442664
               0.638       0.57475795439
                0.64        0.5760074684
               0.642       0.57725297652
               0.644       0.57849448609
               0.646       0.57973200389
               0.648       0.58096553608
                0.65       0.58219508875
               0.652       0.58342066874
               0.654       0.58464228374
               0.656       0.58585994233
               0.658       0.58707365389
                0.66       0.58828342863
               0.662        0.5894892775
               0.664       0.59069121223
               0.666       0.59188924524
               0.668       0.59308338966
                0.67       0.59427365929
               0.672       0.59546006853
               0.674       0.59664263242
               0.676       0.59782136657
               0.678       0.59899628712
                0.68       0.60016741074
               0.682       0.60133475459
               0.684       0.60249833629
               0.686       0.60365817385
               0.688       0.60481428573
                0.69        0.6059666907
               0.692       0.60711540789
               0.694       0.60826045671
               0.696       0.60940185685
               0.698       0.61053962822
                 0.7       0.61167379092
               0.702       0.61280436522
               0.704       0.61393137153
               0.706       0.61505483033
               0.708       0.61617476216
                0.71       0.61729118758
               0.712       0.61840412715
               0.714       0.61951360136
               0.716        0.6206196306
               0.718       0.62172223515
                0.72       0.62282143511
               0.722       0.62391725037
               0.724       0.62500970058
               0.726       0.62609880509
               0.728       0.62718458294
                0.73       0.62826705278
               0.732       0.62934623286
               0.734       0.63042214098
               0.736       0.63149479442
               0.738       0.63256420994
                0.74       0.63363040371
               0.742       0.63469339126
               0.744       0.63575318746
               0.746       0.63680980643
               0.748       0.63786326157
                0.75       0.63891356541
               0.752       0.63996072966
               0.754       0.64100476509
               0.756       0.64204568153
               0.758       0.64308348777
                0.76       0.64411819156
               0.762       0.64514979956
               0.764       0.64617831728
               0.766       0.64720374915
               0.768       0.64822609842
                0.77       0.64924536716
               0.772       0.65026155615
               0.774       0.65127466495
               0.776        0.6522846921
               0.778       0.65329163507
                0.78        0.6542954904
               0.782       0.65529625414
               0.784       0.65629392207
               0.786       0.65728848963
               0.788       0.65827995195
                0.79       0.65926830378
               0.792       0.66025353947
               0.794       0.66123565295
               0.796       0.66221463772
               0.798       0.66319048677
                 0.8       0.66416319259
               0.802       0.66513274713
               0.804       0.66609914177
               0.806       0.66706236728
               0.808       0.66802241381
                0.81       0.66897927082
               0.812       0.66993292708
               0.814       0.67088337064
               0.816       0.67183058876
               0.818       0.67277456792
                0.82       0.67371529374
               0.822       0.67465275099
               0.824       0.67558692352
               0.826       0.67651779424
               0.828       0.67744534507
                0.83       0.67836955694
               0.832        0.6792904102
               0.834       0.68020788515
               0.836        0.6811219623
               0.838       0.68203262271
                0.84       0.68293984814
               0.842       0.68384362092
               0.844       0.68474392404
               0.846       0.68564074102
               0.848       0.68653405593
                0.85       0.68742385335
               0.852       0.68831011848
               0.854       0.68919283751
               0.856       0.69007199788
               0.858       0.69094758819
                0.86       0.69181959821
               0.862       0.69268801891
               0.864       0.69355284237
               0.866       0.69441406183
               0.868       0.69527167165
                0.87        0.6961256673
               0.872       0.69697604535
               0.874       0.69782280347
               0.876       0.69866594036
               0.878       0.69950545583
                0.88        0.7003413507
               0.882       0.70117362683
               0.884        0.7020022871
               0.886        0.7028273354
               0.888        0.7036487766
                0.89       0.70446661655
               0.892       0.70528086205
               0.894       0.70609152086
               0.896       0.70689860167
               0.898       0.70770211409
                 0.9       0.70850206863
               0.902       0.70929847668
               0.904       0.71009135051
               0.906       0.71088070326
               0.908       0.71166654889
                0.91       0.71244890219
               0.912       0.71322777879
               0.914       0.71400319507
               0.916       0.71477516822
               0.918       0.71554371618
                0.92       0.71630885764
               0.922       0.71707061202
               0.924       0.71782899945
               0.926       0.71858404075
               0.928       0.71933575742
                0.93       0.72008417163
               0.932       0.72082930619
               0.934       0.72157118451
               0.936       0.72230983063
               0.938       0.72304526917
                0.94       0.72377752532
               0.942       0.72450662482
               0.944       0.72523259393
               0.946       0.72595545943
               0.948       0.72667524859
                0.95       0.72739198915
               0.952       0.72810570929
               0.954       0.72881643763
               0.956        0.7295242032
               0.958        0.7302290354
                0.96       0.73093096401
               0.962       0.73163001915
               0.964       0.73232623127
               0.966        0.7330196311
               0.968       0.73371024965
                0.97        0.7343981182
               0.972       0.73508326824
               0.974       0.73576573147
               0.976       0.73644553977
               0.978       0.73712272519
                0.98        0.7377973199
               0.982       0.73846935617
               0.984       0.73913886644
               0.986       0.73980588331
               0.988       0.74047043952
                0.99       0.74113256797
               0.992       0.74179230164
               0.994        0.7424496736
               0.996       0.74310471698
               0.998       0.74375746505
                   1       0.74440795147
               1.002       0.74505621033
               1.004       0.74570227613
               1.006       0.74634618376
               1.008        0.7469879684
                1.01       0.74762766555
               1.012       0.74826531094
               1.014       0.74890094052
               1.016       0.74953459043
               1.018       0.75016629705
                1.02       0.75079609739
               1.022       0.75142402905
               1.024       0.75205013024
               1.026       0.75267443965
               1.028       0.75329699648
                1.03       0.75391784031
               1.032       0.75453701109
               1.034       0.75515454906
               1.036       0.75577049471
               1.038       0.75638488871
                1.04       0.75699777188
               1.042        0.7576091851
               1.044       0.75821916927
               1.046       0.75882776526
               1.048       0.75943501383
                1.05       0.76004095559
               1.052       0.76064563096
               1.054       0.76124908006
               1.056        0.7618513427
               1.058       0.76245245831
                1.06       0.76305246587
               1.062       0.76365140384
               1.064       0.76424931015
               1.066       0.76484622207
               1.068       0.76544217629
                1.07       0.76603720928
               1.072       0.76663135755
               1.074       0.76722465763
               1.076       0.76781714599
               1.078       0.76840885904
                1.08       0.76899983307
               1.082       0.76959010422
               1.084       0.77017970841
               1.086       0.77076868133
               1.088       0.77135705839
                1.09       0.77194487468
               1.092       0.77253216489
               1.094       0.77311896333
               1.096       0.77370530384
               1.098       0.77429121977
                 1.1       0.77487674394
               1.102       0.77546190857
               1.104       0.77604674524
               1.106       0.77663128491
               1.108       0.77721555777
                1.11       0.77779959328
               1.112       0.77838342017
               1.114       0.77896706692
               1.116         0.779550562
               1.118       0.78013393388
                1.12       0.78071721103
               1.122       0.78130042199
               1.124       0.78188359532
               1.126       0.78246675957
               1.128       0.78304994329
                1.13       0.78363317498
               1.132       0.78421648306
               1.134       0.78479989587
               1.136       0.78538344161
               1.138       0.78596714833
                1.14       0.78655104389
               1.142       0.78713515597
               1.144       0.78771951199
               1.146       0.78830413915
               1.148       0.78888906431
                1.15       0.78947431406
               1.152       0.79005991464
               1.154       0.79064589191
               1.156       0.79123227135
               1.158         0.791819078
                1.16       0.79240633648
               1.162        0.7929940709
               1.164       0.79358230489
               1.166       0.79417106154
               1.168       0.79476036337
                1.17       0.79535023232
               1.172       0.79594068971
               1.174       0.79653175622
               1.176       0.79712345186
               1.178       0.79771579592
                1.18       0.79830880697
               1.182       0.79890250283
               1.184       0.79949690052
               1.186       0.80009201624
               1.188       0.80068786534
                1.19       0.80128446231
               1.192       0.80188182072
               1.194       0.80247995321
               1.196       0.80307887143
               1.198       0.80367858607
                 1.2       0.80427910677
               1.202       0.80488044212
               1.204       0.80548259961
               1.206       0.80608558562
               1.208       0.80668940538
                1.21       0.80729406293
               1.212        0.8078995611
               1.214       0.80850590148
               1.216       0.80911308436
               1.218       0.80972110874
                1.22       0.81032997228
               1.222       0.81093967123
               1.224       0.81155020048
               1.226       0.81216155344
               1.228       0.81277372205
                1.23       0.81338669675
               1.232       0.81400046642
               1.234       0.81461501839
               1.236       0.81523033835
               1.238       0.81584641037
                1.24       0.81646321739
               1.242       0.81708074209
               1.244       0.81769896702
               1.246       0.81831787463
               1.248       0.81893744724
                1.25       0.81955766709
               1.252       0.82017851629
               1.254       0.82079997685
               1.256       0.82142203068
               1.258       0.82204465961
                1.26       0.82266784535
               1.262       0.82329156953
               1.264       0.82391581381
               1.266       0.82454055988
               1.268       0.82516578954
                1.27       0.82579148465
               1.272       0.82641762716
               1.274       0.82704419908
               1.276        0.8276711825
               1.278       0.82829855959
                1.28       0.82892631259
               1.282       0.82955442381
               1.284       0.83018287562
               1.286        0.8308116505
               1.288       0.83144073095
                1.29        0.8320700996
               1.292        0.8326997391
               1.294       0.83332963221
               1.296       0.83395976173
               1.298       0.83459011055
                 1.3       0.83522066164
               1.302       0.83585139803
               1.304       0.83648230282
               1.306       0.83711335918
               1.308       0.83774455037
                1.31        0.8383758597
               1.312       0.83900727058
               1.314       0.83963876647
               1.316        0.8402703309
               1.318        0.8409019475
                1.32       0.84153359996
               1.322       0.84216527203
               1.324       0.84279694757
               1.326       0.84342861048
               1.328       0.84406024475
                1.33       0.84469183444
               1.332       0.84532336371
               1.334       0.84595481676
               1.336       0.84658617789
               1.338       0.84721743148
                1.34       0.84784856196
               1.342       0.84847955387
               1.344       0.84911039181
               1.346       0.84974106046
               1.348       0.85037154457
                1.35       0.85100182898
               1.352       0.85163189861
               1.354       0.85226173845
               1.356       0.85289133356
               1.358       0.85352066909
                1.36       0.85414973026
               1.362       0.85477850238
               1.364       0.85540697083
               1.366       0.85603512105
               1.368       0.85666293857
                1.37       0.85729040901
               1.372       0.85791751804
               1.374       0.85854425142
               1.376       0.85917059513
               1.378       0.85979653559
                1.38       0.86042205973
               1.382       0.86104715496
               1.384       0.86167180915
               1.386       0.86229601064
               1.388       0.86291974822
                1.39        0.8635430111
               1.392       0.86416578894
               1.394       0.86478807181
               1.396       0.86540985016
               1.398       0.86603111487
                 1.4       0.86665185717
               1.402       0.86727206867
               1.404       0.86789174135
               1.406       0.86851086753
               1.408       0.86912943985
                1.41       0.86974745129
               1.412       0.87036489516
               1.414       0.87098176503
               1.416        0.8715980548
               1.418       0.87221375862
                1.42       0.87282887094
               1.422       0.87344338642
               1.424       0.87405729999
               1.426       0.87467060683
               1.428        0.8752833023
                1.43         0.875895382
               1.432       0.87650684171
               1.434       0.87711767739
               1.436       0.87772788519
               1.438        0.8783374614
                1.44       0.87894640247
               1.442       0.87955470498
               1.444       0.88016236563
               1.446       0.88076938124
               1.448       0.88137574871
                1.45       0.88198146504
               1.452        0.8825865273
               1.454        0.8831909326
               1.456       0.88379467811
               1.458       0.88439776103
                1.46       0.88500017859
               1.462       0.88560192799
               1.464       0.88620300646
               1.466       0.88680341119
               1.468       0.88740313933
                1.47       0.88800218797
               1.472       0.88860055418
               1.474       0.88919823489
               1.476       0.88979522698
               1.478        0.8903915272
                1.48       0.89098713219
               1.482       0.89158203844
               1.484       0.89217624229
               1.486       0.89276973993
               1.488       0.89336252733
                1.49       0.89395460029
               1.492       0.89454595438
               1.494       0.89513658494
               1.496       0.89572648707
               1.498        0.8963156556
                 1.5       0.89690408508
               1.502       0.89749176975
               1.504       0.89807870356
               1.506        0.8986648801
               1.508       0.89925029264
                1.51       0.89983493407
               1.512       0.90041879688
               1.514       0.90100187318
               1.516       0.90158415465
               1.518       0.90216563252
                1.52       0.90274629759
               1.522       0.90332614015
               1.524       0.90390515002
               1.526       0.90448331648
               1.528        0.9050606283
                1.53       0.90563707367
               1.532       0.90621264023
               1.534       0.90678731499
               1.536       0.90736108438
               1.538       0.90793393417
                1.54       0.90850584947
               1.542       0.90907681473
               1.544       0.90964681367
               1.546       0.91021582931
               1.548        0.9107838439
                1.55       0.91135083896
               1.552       0.91191679516
               1.554       0.91248169242
               1.556       0.91304550989
               1.558       0.91360822628
                1.56       0.91416981987
               1.562        0.9147302685
               1.564       0.91528954958
               1.566       0.91584764004
               1.568       0.91640451635
                1.57       0.91696015448
               1.572       0.91751452991
               1.574       0.91806761758
               1.576       0.91861939195
               1.578       0.91916982732
                1.58       0.91971889824
               1.582       0.92026657951
               1.584       0.92081284621
               1.586       0.92135767373
               1.588        0.9219010377
                1.59       0.92244291407
               1.592       0.92298327907
               1.594       0.92352210923
               1.596       0.92405938137
               1.598       0.92459507264
                 1.6       0.92512916047
               1.602        0.9256616226
               1.604       0.92619243712
               1.606        0.9267215824
               1.608       0.92724903715
                1.61        0.9277747804
               1.612       0.92829879151
               1.614       0.92882105019
               1.616       0.92934153645
               1.618       0.92986023066
                1.62       0.93037711353
               1.622       0.93089216612
               1.624       0.93140536983
               1.626       0.93191670653
               1.628       0.93242615884
                1.63       0.93293371012
               1.632       0.93343934453
               1.634       0.93394304699
               1.636       0.93444480317
               1.638       0.93494459947
                1.64       0.93544242305
               1.642       0.93593826181
               1.644       0.93643210434
               1.646       0.93692393999
               1.648       0.93741375878
                1.65       0.93790155145
               1.652       0.93838730943
               1.654       0.93887102484
               1.656       0.93935269047
               1.658       0.93983229978
                1.66       0.94030984689
               1.662       0.94078532659
               1.664       0.94125873429
               1.666       0.94173006606
               1.668        0.9421993186
                1.67       0.94266648921
               1.672       0.94313157583
               1.674       0.94359457698
               1.676        0.9440554918
               1.678       0.94451432002
                1.68       0.94497106193
               1.682       0.94542571841
               1.684       0.94587829089
               1.686       0.94632878138
               1.688       0.94677719242
                1.69        0.9472235271
               1.692       0.94766778901
               1.694        0.9481099823
               1.696       0.94855011161
               1.698        0.9489881821
                 1.7        0.9494241994
               1.702       0.94985816966
               1.704       0.95029009947
               1.706       0.95071999592
               1.708       0.95114786653
                1.71       0.95157371928
               1.712       0.95199756261
               1.714       0.95241940535
               1.716       0.95283925677
               1.718       0.95325712657
                1.72        0.9536730248
               1.722       0.95408696196
               1.724       0.95449894887
               1.726       0.95490899677
               1.728       0.95531711723
                1.73       0.95572332217
               1.732       0.95612762386
               1.734       0.95653003489
               1.736       0.95693056816
               1.738       0.95732923691
                1.74       0.95772605477
               1.742       0.95812103583
               1.744       0.95851419461
               1.746       0.95890554603
               1.748       0.95929510542
                1.75       0.95968288851
               1.752       0.96006891136
               1.754       0.96045319041
               1.756       0.96083574244
               1.758       0.96121658453
                1.76       0.96159573406
               1.762       0.96197320873
               1.764       0.96234902648
               1.766        0.9627232055
               1.768       0.96309576423
                1.77       0.96346672133
               1.772       0.96383609567
               1.774       0.96420390627
               1.776       0.96457017235
               1.778       0.96493491327
                1.78       0.96529814851
               1.782       0.96565989769
               1.784       0.96602018049
               1.786        0.9663790167
               1.788       0.96673642615
                1.79       0.96709242871
               1.792       0.96744704429
               1.794       0.96780029277
               1.796       0.96815219404
               1.798       0.96850276794
                 1.8       0.96885203427
               1.802       0.96920001272
               1.804       0.96954672293
               1.806       0.96989218439
               1.808       0.97023641647
                1.81       0.97057943838
               1.812       0.97092126914
               1.814        0.9712619276
               1.816       0.97160143236
               1.818        0.9719398018
                1.82       0.97227705404
               1.822       0.97261320689
               1.824       0.97294827789
               1.826       0.97328228421
               1.828       0.97361524272
                1.83       0.97394716988
               1.832       0.97427808175
               1.834         0.974607994
               1.836       0.97493692183
               1.838          0.97526488
                1.84       0.97559188282
               1.842       0.97591794452
               1.844       0.97624307953
               1.846       0.97656730239
               1.848       0.97689062782
                1.85       0.97721307068
               1.852       0.97753464596
               1.854       0.97785536878
               1.856       0.97817525438
               1.858       0.97849431811
                1.86       0.97881257541
               1.862       0.97913004183
               1.864       0.97944673299
               1.866        0.9797626646
               1.868       0.98007785242
                1.87       0.98039231228
               1.872       0.98070606004
               1.874       0.98101911162
               1.876       0.98133148296
               1.878       0.98164319001
                1.88       0.98195424874
               1.882       0.98226467514
               1.884       0.98257448531
               1.886       0.98288369542
               1.888        0.9831923217
                1.89       0.98350038046
               1.892       0.98380788806
               1.894       0.98411486086
               1.896       0.98442131528
               1.898        0.9847272677
                 1.9       0.98503273455
               1.902       0.98533773218
               1.904       0.98564227694
               1.906       0.98594638512
               1.908       0.98625007295
                1.91       0.98655335658
               1.912       0.98685625207
               1.914       0.98715877536
               1.916       0.98746094228
               1.918       0.98776276853
                1.92       0.98806426965
               1.922       0.98836546101
               1.924        0.9886663578
               1.926       0.98896697502
               1.928       0.98926732745
                1.93       0.98956742964
               1.932        0.9898672959
               1.934       0.99016694027
               1.936       0.99046637653
               1.938       0.99076561815
                1.94        0.9910646783
               1.942       0.99136356981
               1.944       0.99166230519
               1.946       0.99196089656
               1.948       0.99225935568
                1.95       0.99255769391
               1.952       0.99285592219
               1.954       0.99315405104
               1.956       0.99345209052
               1.958       0.99375005023
                1.96       0.99404793928
               1.962       0.99434576626
               1.964       0.99464353927
               1.966       0.99494126584
               1.968       0.99523895294
                1.97       0.99553660697
               1.972       0.99583423372
               1.974       0.99613183836
               1.976       0.99642942541
               1.978       0.99672699875
                1.98       0.99702456155
               1.982       0.99732211632
               1.984       0.99761966502
               1.986       0.99791720944
               1.988       0.99821475116
                1.99       0.99851229154
               1.992       0.99880983165
               1.994       0.99910737229
               1.996       0.99940491391
               1.998       0.99970245659
                   2                   1
