                   0                   0
               0.002     0.0023958917414
               0.004     0.0047967232357
               0.006     0.0071286781302
               0.008     0.0094073828092
                0.01      0.011642343373
               0.012      0.013846788978
               0.014      0.016033870978
               0.016      0.018211426136
               0.018      0.020383389631
                0.02      0.022551469961
               0.022      0.024716212168
               0.024      0.026877583082
               0.026      0.029035261595
               0.028      0.031188794168
                0.03      0.033337937445
               0.032      0.035483067653
               0.034      0.037624906652
               0.036      0.039764262051
               0.038      0.041901901634
                0.04      0.044038497558
               0.042       0.04617460635
               0.044      0.048310666936
               0.046      0.050447007314
               0.048      0.052583854958
                0.05      0.054721365241
               0.052      0.056859702063
               0.054      0.058999052305
               0.056      0.061139601509
               0.058      0.063281517587
                0.06      0.065424940987
               0.062      0.067569979182
               0.064      0.069716704072
               0.066       0.07186515132
               0.068      0.074015320965
                0.07      0.076167178845
               0.072      0.078320658539
               0.074       0.08047566361
               0.076          0.08263207
               0.078      0.084789728496
                0.08      0.086948467177
               0.082      0.089108093821
               0.084      0.091268398229
               0.086      0.093429154454
               0.088      0.095590122922
                0.09      0.097751052441
               0.092       0.09991168209
               0.094         0.102071743
               0.096       0.10423095999
               0.098       0.10638905318
                 0.1       0.10854573935
               0.102       0.11070073333
               0.104       0.11285374922
               0.106       0.11500450153
               0.108       0.11715270619
                0.11       0.11929808155
               0.112       0.12144034918
               0.114       0.12357923464
               0.116       0.12571446824
               0.118       0.12784578555
                0.12       0.12997292801
               0.122       0.13209564331
               0.124       0.13421368586
               0.126       0.13632681836
               0.128       0.13843492115
                0.13       0.14053785385
               0.132       0.14263546847
               0.134       0.14472771487
               0.136       0.14681443454
               0.138       0.14889546861
                0.14       0.15097066331
               0.142       0.15303986902
               0.144       0.15510293959
               0.146        0.1571597351
               0.148       0.15921014242
                0.15       0.16125408694
               0.152       0.16329152885
               0.154       0.16532245717
               0.156       0.16734688451
               0.158       0.16936484283
                0.16       0.17137637979
               0.162       0.17338155584
               0.164       0.17538044166
               0.166        0.1773731162
               0.168       0.17935966496
                0.17        0.1813401785
               0.172       0.18331475127
               0.174       0.18528348053
               0.176       0.18724646551
               0.178       0.18920380663
                0.18       0.19115560486
               0.182       0.19310196123
               0.184       0.19504297632
               0.186       0.19697874991
               0.188       0.19890938059
                0.19       0.20083496553
               0.192       0.20275560015
               0.194       0.20467137792
               0.196        0.2065823902
               0.198       0.20848878602
                 0.2       0.21039080661
               0.202       0.21228853398
               0.204       0.21418201789
               0.206       0.21607130594
               0.208       0.21795644373
                0.21       0.21983747495
               0.212       0.22171445295
               0.214       0.22358746035
               0.216       0.22545653164
               0.218       0.22732169488
                0.22        0.2291829769
               0.222       0.23104040331
               0.224       0.23289399853
               0.226       0.23474378583
               0.228        0.2365897875
                0.23       0.23843202488
               0.232       0.24027051831
               0.234       0.24210528707
               0.236       0.24393634931
               0.238       0.24576372202
                0.24       0.24758742089
               0.242        0.2494074603
               0.244       0.25122385322
               0.246       0.25303661109
               0.248       0.25484574401
                0.25       0.25665126154
               0.252       0.25845317324
               0.254       0.26025148843
               0.256       0.26204621607
               0.258       0.26383736457
                0.26       0.26562494163
               0.262       0.26740895409
               0.264       0.26918940786
               0.266       0.27096630771
               0.268       0.27273965723
                0.27        0.2745094587
               0.272         0.276275713
               0.274        0.2780384195
               0.276       0.27979757607
               0.278       0.28155317891
                0.28        0.2833052226
               0.282       0.28505370006
               0.284       0.28679860257
               0.286       0.28853992025
               0.288       0.29027764488
                0.29       0.29201177127
               0.292       0.29374229697
               0.294       0.29546922196
               0.296       0.29719254832
               0.298        0.2989122799
                 0.3       0.30062842208
               0.302       0.30234098144
               0.304       0.30404996552
               0.306       0.30575538257
               0.308       0.30745724131
                0.31       0.30915555074
               0.312       0.31085031991
               0.314       0.31254155774
               0.316       0.31422927286
               0.318       0.31591347339
                0.32       0.31759416681
               0.322       0.31927135987
               0.324       0.32094505898
               0.326       0.32261527054
               0.328       0.32428200086
                0.33       0.32594525615
               0.332       0.32760504361
               0.334       0.32926137233
               0.336        0.3309142531
               0.338       0.33256369818
                0.34       0.33420972111
               0.342       0.33585233653
               0.344       0.33749156041
               0.346       0.33912741068
               0.348       0.34075990748
                0.35       0.34238907281
               0.352       0.34401493035
               0.354        0.3456375051
               0.356       0.34725682319
               0.358       0.34887291163
                0.36       0.35048579805
               0.362       0.35209551055
               0.364       0.35370207747
               0.366       0.35530552718
               0.368       0.35690588796
                0.37       0.35850318781
               0.372       0.36009745447
               0.374        0.3616887157
               0.376       0.36327699921
               0.378        0.3648623326
                0.38       0.36644474321
               0.382        0.3680242581
               0.384       0.36960090392
               0.386       0.37117470685
               0.388       0.37274569255
                0.39       0.37431388607
               0.392       0.37587931184
               0.394       0.37744199356
               0.396        0.3790019542
               0.398       0.38055921594
                 0.4       0.38211379264
               0.402       0.38366562596
               0.404       0.38521471115
               0.406       0.38676106335
               0.408       0.38830469735
                0.41       0.38984562746
               0.412       0.39138386744
               0.414       0.39291943044
               0.416       0.39445232887
               0.418       0.39598257435
                0.42       0.39751017763
               0.422       0.39903514847
               0.424       0.40055749564
               0.426       0.40207722676
               0.428       0.40359434829
                0.43       0.40510886542
               0.432       0.40662078205
               0.434       0.40813010067
               0.436       0.40963682232
               0.438       0.41114094652
                0.44       0.41264247149
               0.442       0.41414139449
               0.444        0.4156377119
               0.446       0.41713141917
               0.448       0.41862251076
                0.45       0.42011098012
               0.452       0.42159681965
               0.454       0.42308002068
               0.456        0.4245605734
               0.458       0.42603846685
                0.46        0.4275136889
               0.462       0.42898622618
               0.464       0.43045606409
               0.466       0.43192318676
               0.468       0.43338757698
                0.47       0.43484921625
               0.472       0.43630808468
               0.474         0.437764161
               0.476       0.43921742251
               0.478       0.44066784508
                0.48        0.4421154031
               0.482       0.44356006947
               0.484       0.44500181604
               0.486        0.4464406144
               0.488       0.44787643605
                0.49       0.44930925244
               0.492        0.4507390357
               0.494        0.4521657595
               0.496       0.45358939957
               0.498       0.45500993449
                 0.5        0.4564273457
               0.502       0.45784161732
               0.504       0.45925273604
               0.506       0.46066069093
               0.508       0.46206547335
                0.51       0.46346707678
               0.512       0.46486549669
               0.514       0.46626073043
               0.516       0.46765277709
               0.518       0.46904163736
                0.52       0.47042731349
               0.522       0.47180980919
               0.524       0.47318912962
               0.526       0.47456528123
               0.528       0.47593827168
                0.53       0.47730810975
               0.532       0.47867480519
               0.534       0.48003836869
               0.536       0.48139881173
               0.538        0.4827561465
                0.54       0.48411038583
               0.542       0.48546154308
               0.544       0.48680960727
               0.546       0.48815447925
               0.548        0.4894961566
                0.55       0.49083465072
               0.552        0.4921699732
               0.554       0.49350213582
               0.556       0.49483115084
               0.558       0.49615703177
                0.56       0.49747979337
               0.562       0.49879945159
               0.564       0.50011602343
               0.566       0.50142952704
               0.568       0.50273998186
                0.57       0.50404740876
               0.572       0.50535182967
               0.574       0.50665324539
               0.576       0.50795166642
               0.578       0.50924711801
                0.58       0.51053962646
               0.582       0.51182921891
               0.584       0.51311592329
               0.586       0.51439976817
               0.588       0.51568078269
                0.59       0.51695899639
               0.592       0.51823443916
               0.594        0.5195071411
               0.596       0.52077713241
               0.598       0.52204444332
                 0.6       0.52330910394
               0.602       0.52457114421
               0.604       0.52583059375
               0.606       0.52708748182
               0.608       0.52834183716
                0.61       0.52959368796
               0.612        0.5308430618
               0.614       0.53208998568
               0.616       0.53333448593
               0.618       0.53457658815
                0.62        0.5358163171
               0.622       0.53705369663
               0.624       0.53828874979
               0.626       0.53952149926
               0.628       0.54075196756
                0.63       0.54198017693
               0.632        0.5432061493
               0.634       0.54442990621
               0.636       0.54565146875
               0.638       0.54687085753
                0.64        0.5480880926
               0.642        0.5493031934
               0.644       0.55051609849
               0.646       0.55172674484
               0.648        0.5529351521
                0.65       0.55414133934
               0.652        0.5553453249
               0.654       0.55654712638
               0.656       0.55774676059
               0.658       0.55894424346
                0.66       0.56013959002
               0.662       0.56133281433
               0.664       0.56252392945
               0.666       0.56371294741
               0.668       0.56489987914
                0.67       0.56608473444
               0.672       0.56726752196
               0.674       0.56844824917
               0.676       0.56962692233
               0.678       0.57080354643
                0.68       0.57197812523
               0.682       0.57315066118
               0.684       0.57432115545
               0.686       0.57548960787
               0.688       0.57665601693
                0.69       0.57782037981
               0.692       0.57898269228
               0.694       0.58014294877
               0.696       0.58130114234
               0.698       0.58245726467
                 0.7       0.58361130604
               0.702       0.58476325564
               0.704       0.58591310198
               0.706       0.58706083302
               0.708       0.58820643617
                0.71       0.58934989826
               0.712       0.59049120559
               0.714       0.59163034387
               0.716       0.59276729827
               0.718        0.5939020534
                0.72       0.59503459333
               0.722        0.5961649016
               0.724       0.59729296121
               0.726       0.59841875465
               0.728        0.5995422639
                0.73       0.60066347043
               0.732       0.60178235561
               0.734       0.60289890204
               0.736       0.60401309409
               0.738       0.60512491778
                0.74       0.60623436073
               0.742       0.60734141203
               0.744        0.6084460622
               0.746       0.60954830303
               0.748       0.61064812759
                0.75       0.61174553004
               0.752       0.61284050564
               0.754       0.61393305063
               0.756       0.61502316215
               0.758       0.61611083818
                0.76       0.61719607747
               0.762       0.61827887949
               0.764       0.61935924461
               0.766       0.62043717412
               0.768       0.62151267015
                0.77       0.62258573565
               0.772       0.62365637431
               0.774       0.62472459054
               0.776       0.62579038946
               0.778       0.62685377783
                0.78       0.62791476938
               0.782        0.6289733809
               0.784       0.63002962967
               0.786       0.63108353343
               0.788       0.63213511032
                0.79       0.63318437885
               0.792       0.63423135786
               0.794       0.63527606646
               0.796       0.63631852406
               0.798       0.63735875025
                 0.8       0.63839676487
               0.802       0.63943258791
               0.804       0.64046623953
               0.806       0.64149772497
               0.808       0.64252690633
                0.81       0.64355376047
               0.812       0.64457830632
               0.814       0.64560056296
               0.816       0.64662054961
               0.818       0.64763828563
                0.82       0.64865379055
               0.822       0.64966708404
               0.824       0.65067818593
               0.826       0.65168711622
               0.828       0.65269389508
                0.83       0.65369854289
               0.832       0.65470108025
               0.834       0.65570152798
               0.836       0.65669990716
               0.838       0.65769623917
                0.84       0.65869054569
               0.842       0.65968284877
               0.844       0.66067316995
               0.846       0.66166131152
               0.848       0.66264712175
                0.85       0.66363061803
               0.852       0.66461181751
               0.854       0.66559073715
               0.856       0.66656739377
               0.858       0.66754180446
                0.86        0.6685139813
               0.862       0.66948383777
               0.864       0.67045135427
               0.866       0.67141655113
               0.868       0.67237944904
                0.87       0.67334006902
               0.872       0.67429843244
               0.874       0.67525456104
               0.876       0.67620847693
               0.878       0.67716018735
                0.88       0.67810968901
               0.882       0.67905700325
               0.884       0.68000215212
               0.886       0.68094515813
               0.888       0.68188604427
                0.89         0.682824834
               0.892       0.68376155124
               0.894       0.68469622036
               0.896       0.68562886619
               0.898       0.68655951396
                 0.9       0.68748818929
               0.902       0.68841491819
               0.904       0.68933972702
               0.906       0.69026264247
               0.908       0.69118369151
                0.91       0.69210290139
               0.912       0.69302028915
               0.914       0.69393574522
               0.916        0.6948492533
               0.918       0.69576081456
                0.92       0.69667034702
               0.922       0.69757785917
               0.924        0.6984833712
               0.926       0.69938690328
               0.928       0.70028847551
                0.93       0.70118810799
               0.932       0.70208582085
               0.934        0.7029816342
               0.936       0.70387556805
               0.938       0.70476763012
                0.94       0.70565783055
               0.942       0.70654618891
               0.944       0.70743272456
               0.946       0.70831745665
               0.948       0.70920040429
                0.95       0.71008158661
               0.952       0.71096102208
               0.954       0.71183873043
               0.956        0.7127147316
               0.958        0.7135890461
                0.96       0.71446164764
               0.962       0.71533251952
               0.964       0.71620168306
               0.966       0.71706916058
               0.968       0.71793497523
                0.97       0.71879909731
               0.972       0.71966120543
               0.974       0.72052125482
               0.976       0.72137926204
               0.978       0.72223524483
                0.98       0.72308922204
               0.982       0.72394121353
               0.984       0.72479124011
               0.986       0.72563932347
               0.988        0.7264854861
                0.99       0.72732975124
               0.992       0.72817214275
               0.994        0.7290126851
               0.996       0.72985140066
               0.998       0.73068830767
                   1       0.73152343169
               1.002       0.73235679901
               1.004       0.73318843621
               1.006       0.73401837001
               1.008       0.73484662731
                1.01       0.73567323502
               1.012        0.7364982201
               1.014       0.73732160945
               1.016       0.73814342987
               1.018       0.73896370802
                1.02       0.73978247036
               1.022       0.74059974311
               1.024        0.7414155522
               1.026       0.74222992328
               1.028        0.7430428816
                1.03       0.74385445205
               1.032       0.74466465913
               1.034        0.7454735269
               1.036       0.74628091286
               1.038       0.74708646042
                1.04       0.74789017818
               1.042        0.7486920896
               1.044       0.74949221796
               1.046       0.75029058639
               1.048        0.7510872178
                1.05       0.75188213486
               1.052       0.75267535994
               1.054        0.7534669151
               1.056       0.75425682208
               1.058       0.75504510222
                1.06       0.75583177651
               1.062        0.7566168655
               1.064       0.75740038934
               1.066       0.75818236772
               1.068       0.75896281987
                1.07       0.75974176457
               1.072       0.76051922009
               1.074       0.76129520423
               1.076       0.76206973429
               1.078       0.76284282705
                1.08       0.76361449881
               1.082       0.76438476538
               1.084        0.7651536287
               1.086       0.76592091902
               1.088       0.76668658972
                1.09        0.7674506539
               1.092       0.76821312389
               1.094       0.76897401119
               1.096       0.76973332649
               1.098       0.77049107969
                 1.1       0.77124727984
               1.102       0.77200193522
               1.104       0.77275505329
               1.106       0.77350664073
               1.108       0.77425670344
                1.11       0.77500524658
               1.112        0.7757522746
               1.114       0.77649779135
               1.116       0.77724180002
               1.118       0.77798430181
                1.12       0.77872523265
               1.122        0.7794645587
               1.124       0.78020228171
               1.126       0.78093840269
               1.128       0.78167292195
                1.13       0.78240583911
               1.132       0.78313715317
               1.134       0.78386686252
               1.136         0.784594965
               1.138       0.78532145796
                1.14       0.78604633869
               1.142       0.78676960503
               1.144       0.78749125554
               1.146        0.7882112895
               1.148       0.78892970694
                1.15       0.78964650867
               1.152       0.79036169629
               1.154       0.79107527222
               1.156       0.79178723966
               1.158       0.79249760269
                1.16       0.79320636617
               1.162       0.79391353585
               1.164       0.79461911829
               1.166       0.79532312091
               1.168       0.79602555196
                1.17       0.79672642052
               1.172       0.79742573651
               1.174       0.79812351066
               1.176        0.7988197546
               1.178       0.79951448094
                1.18       0.80020770352
               1.182       0.80089943807
               1.184       0.80158970225
               1.186       0.80227851552
               1.188       0.80296589903
                1.19       0.80365187555
               1.192       0.80433646933
               1.194       0.80501970595
               1.196       0.80570161228
               1.198       0.80638221628
                 1.2         0.807061547
               1.202       0.80773963444
               1.204       0.80841650944
               1.206       0.80909220354
               1.208       0.80976674883
                1.21       0.81044017786
               1.212       0.81111252345
               1.214       0.81178381856
               1.216        0.8124540962
               1.218       0.81312337876
                1.22        0.8137916793
               1.222        0.8144590298
               1.224       0.81512546226
               1.226       0.81579100765
               1.228       0.81645569521
                1.23       0.81711955299
               1.232       0.81778256291
               1.234        0.8184447081
               1.236        0.8191060119
               1.238       0.81976649633
                1.24       0.82042618193
               1.242       0.82108508766
               1.244       0.82174323089
               1.246       0.82240062741
               1.248       0.82305729136
                1.25       0.82371323502
               1.252       0.82436846877
               1.254       0.82502300089
               1.256       0.82567660137
               1.258       0.82632862117
                1.26       0.82697897298
               1.262       0.82762759832
               1.264       0.82827450998
               1.266       0.82891972158
               1.268       0.82956324744
                1.27       0.83020510249
               1.272        0.8308453023
               1.274       0.83148386303
               1.276       0.83212080139
               1.278       0.83275613463
                1.28       0.83338988051
               1.282       0.83402205725
               1.284        0.8346526835
               1.286       0.83528177831
               1.288       0.83590936106
                1.29       0.83653545149
               1.292       0.83716006959
               1.294       0.83778323562
               1.296       0.83840497005
               1.298       0.83902529353
                 1.3       0.83964422686
               1.302       0.84026179097
               1.304       0.84087800687
               1.306        0.8414928956
               1.308       0.84210647826
                1.31       0.84271877592
               1.312       0.84332980965
               1.314       0.84393960041
               1.316       0.84454816914
               1.318       0.84515553661
                1.32        0.8457617235
               1.322       0.84636675031
               1.324       0.84697063739
               1.326       0.84757340488
               1.328       0.84817507272
                1.33       0.84877566063
               1.332        0.8493751881
               1.334       0.84997367439
               1.336       0.85057113848
               1.338       0.85116759909
                1.34       0.85176307466
               1.342       0.85235758337
               1.344       0.85295114311
               1.346       0.85354377151
               1.348       0.85413548599
                1.35       0.85472630371
               1.352        0.8553162416
               1.354       0.85590531635
               1.356       0.85649354443
               1.358       0.85708094205
                1.36       0.85766752525
               1.362        0.8582533098
               1.364       0.85883831128
               1.366       0.85942254508
               1.368       0.86000602636
                1.37       0.86058877013
               1.372       0.86117079118
               1.374       0.86175210416
               1.376       0.86233272355
               1.378       0.86291266378
                1.38       0.86349193933
               1.382       0.86407056477
               1.384       0.86464855474
               1.386       0.86522592393
               1.388       0.86580268707
                1.39       0.86637885893
               1.392       0.86695444705
               1.394       0.86752940474
               1.396       0.86810373135
               1.398       0.86867743985
                 1.4       0.86925054297
               1.402       0.86982305323
               1.404       0.87039498287
               1.406       0.87096634385
               1.408       0.87153714777
                1.41       0.87210740585
               1.412       0.87267712887
               1.414       0.87324632707
               1.416       0.87381501012
               1.418       0.87438318704
                1.42       0.87495086605
               1.422       0.87551805452
               1.424       0.87608475895
               1.426       0.87665098523
               1.428       0.87721673872
                1.43       0.87778202455
               1.432       0.87834684776
               1.434       0.87891121327
               1.436       0.87947512581
               1.438       0.88003858991
                1.44       0.88060153007
               1.442       0.88116375718
               1.444       0.88172526305
               1.446       0.88228604782
               1.448       0.88284611163
                1.45        0.8834054546
               1.452        0.8839640768
               1.454        0.8845219782
               1.456       0.88507915868
               1.458       0.88563561796
                1.46       0.88619135557
               1.462       0.88674637082
               1.464       0.88730066274
               1.466       0.88785423007
               1.468       0.88840707117
                1.47       0.88895918399
               1.472       0.88951056602
               1.474       0.89006121422
               1.476       0.89061112497
               1.478       0.89116029399
                1.48       0.89170871627
               1.482       0.89225638599
               1.484       0.89280329645
               1.486       0.89334944007
               1.488        0.8938948088
                1.49       0.89443939434
               1.492       0.89498318814
               1.494       0.89552617554
               1.496       0.89606824345
               1.498       0.89660934602
                 1.5       0.89714947649
               1.502       0.89768862852
               1.504       0.89822679609
               1.506       0.89876397358
               1.508       0.89930015166
                1.51       0.89983530542
               1.512       0.90036938816
               1.514       0.90090235245
               1.516       0.90143419755
               1.518       0.90196492331
                1.52       0.90249453012
               1.522       0.90302301883
               1.524        0.9035503908
               1.526        0.9040766478
               1.528       0.90460179203
                1.53       0.90512582608
               1.532       0.90564875294
               1.534       0.90617057591
               1.536       0.90669129868
               1.538       0.90721092521
                1.54       0.90772945981
               1.542       0.90824690702
               1.544       0.90876327171
               1.546         0.909278559
               1.548       0.90979277429
                1.55       0.91030592322
               1.552       0.91081801167
               1.554       0.91132904575
               1.556       0.91183903179
               1.558       0.91234797632
                1.56       0.91285588606
               1.562       0.91336276795
               1.564       0.91386862911
               1.566       0.91437347681
               1.568       0.91487731856
                1.57       0.91538016199
               1.572       0.91588201496
               1.574       0.91638288547
               1.576       0.91688278173
               1.578       0.91738171213
                1.58       0.91787968524
               1.582       0.91837670982
               1.584       0.91887279486
               1.586       0.91936794952
               1.588       0.91986218321
                1.59       0.92035550554
               1.592       0.92084792634
               1.594       0.92133945569
               1.596        0.9218301039
               1.598       0.92231988153
                 1.6       0.92280879939
               1.602       0.92329686851
               1.604       0.92378410018
               1.606       0.92427050591
               1.608       0.92475609744
                1.61       0.92524088668
               1.612       0.92572488572
               1.614       0.92620810679
               1.616       0.92669056217
               1.618       0.92717226418
                1.62       0.92765322506
               1.622        0.9281334569
               1.624       0.92861297152
               1.626       0.92909178032
               1.628       0.92956989414
                1.63       0.93004732306
               1.632        0.9305240762
               1.634       0.93100016145
               1.636        0.9314755852
               1.638       0.93195035196
                1.64       0.93242446401
               1.642       0.93289792095
               1.644        0.9333707192
               1.646       0.93384285145
               1.648       0.93431430662
                1.65       0.93478507234
               1.652       0.93525513673
               1.654       0.93572448856
               1.656       0.93619311735
               1.658       0.93666101349
                1.66       0.93712816833
               1.662        0.9375945743
               1.664       0.93806022495
               1.666        0.9385251151
               1.668       0.93898924081
                1.67       0.93945259952
               1.672          0.93991519
               1.674       0.94037701238
               1.676       0.94083806809
               1.678       0.94129835981
                1.68       0.94175789009
               1.682       0.94221666626
               1.684       0.94267470315
               1.686       0.94313201941
               1.688       0.94358864034
                1.69       0.94404459309
               1.692       0.94449990603
               1.694       0.94495460866
               1.696       0.94540873145
               1.698       0.94586230567
                 1.7       0.94631536323
               1.702       0.94676793646
               1.704       0.94722005787
               1.706        0.9476717599
               1.708       0.94812307461
                1.71       0.94857403335
               1.712       0.94902466643
               1.714       0.94947500268
               1.716       0.94992506904
               1.718       0.95037489008
                1.72       0.95082448752
               1.722       0.95127387961
               1.724       0.95172308059
               1.726       0.95217210006
               1.728       0.95262094225
                1.73       0.95306960539
               1.732       0.95351808088
               1.734        0.9539663526
               1.736       0.95441439612
               1.738       0.95486218003
                1.74        0.9553096696
               1.742       0.95575682746
               1.744       0.95620361331
               1.746       0.95664998357
               1.748       0.95709589113
                1.75       0.95754129517
               1.752       0.95798622823
               1.754       0.95843069161
               1.756       0.95887465762
               1.758       0.95931809745
                1.76       0.95976098187
               1.762       0.96020328115
               1.764       0.96064496706
               1.766       0.96108604669
               1.768       0.96152651096
                1.77       0.96196633941
               1.772       0.96240551133
               1.774       0.96284400566
               1.776       0.96328180075
               1.778       0.96371887423
                1.78       0.96415520268
               1.782       0.96459076147
               1.784       0.96502552444
               1.786       0.96545946358
               1.788       0.96589254874
                1.79       0.96632474726
               1.792       0.96675602349
               1.794        0.9671863383
               1.796       0.96761564857
               1.798       0.96804390648
                 1.8       0.96847105887
               1.802       0.96889704735
               1.804       0.96932181172
               1.806       0.96974529161
               1.808       0.97016742643
                1.81       0.97058815531
               1.812       0.97100741694
               1.814       0.97142514946
               1.816       0.97184129039
               1.818       0.97225577644
                1.82       0.97266854342
               1.822       0.97307952612
               1.824       0.97348865818
               1.826       0.97389587194
               1.828       0.97430109838
                1.83       0.97470426691
               1.832       0.97510530537
               1.834       0.97550413985
               1.836       0.97590069464
               1.838       0.97629489214
                1.84       0.97668665284
               1.842       0.97707589524
               1.844        0.9774625359
               1.846       0.97784648943
               1.848       0.97822766853
                1.85       0.97860598414
               1.852       0.97898134555
               1.854       0.97935366059
               1.856        0.9797228359
               1.858       0.98008877721
                1.86       0.98045138975
               1.862       0.98081057867
               1.864       0.98116624957
               1.866       0.98151830917
               1.868       0.98186666595
                1.87         0.982211231
               1.872       0.98255191892
               1.874       0.98288864886
               1.876       0.98322134561
               1.878       0.98354994084
                1.88       0.98387437449
               1.882       0.98419459616
               1.884       0.98451056672
               1.886       0.98482225991
               1.888       0.98512966406
                1.89       0.98543278388
               1.892       0.98573164221
               1.894       0.98602628181
               1.896       0.98631676708
               1.898       0.98660318558
                 1.9       0.98688564948
               1.902       0.98716429661
               1.904       0.98743929112
               1.906       0.98771082362
               1.908       0.98797911061
                1.91       0.98824439291
               1.912       0.98850693301
               1.914       0.98876701089
               1.916       0.98902491804
               1.918       0.98928094922
                1.92        0.9895353914
               1.922       0.98978850946
               1.924        0.9900405412
               1.926       0.99029173325
               1.928       0.99054235781
                1.93       0.99079271073
               1.932       0.99104310763
               1.934       0.99129387826
               1.936       0.99154535848
               1.938       0.99179787934
                1.94       0.99205175245
               1.942       0.99230725066
               1.944       0.99256458274
               1.946       0.99282386081
               1.948       0.99308509031
                1.95       0.99334823846
               1.952       0.99361326152
               1.954       0.99388015397
               1.956       0.99414893043
               1.958       0.99441956582
                1.96       0.99469201968
               1.962       0.99496624282
               1.964       0.99524217608
               1.966       0.99551974923
               1.968       0.99579887874
                1.97       0.99607946395
               1.972       0.99636138138
               1.974        0.9966444759
               1.976       0.99692854634
               1.978       0.99721332089
                1.98       0.99749841665
               1.982       0.99778330932
               1.984         0.998067302
               1.986       0.99834944935
               1.988       0.99862842994
                1.99       0.99890232416
               1.992       0.99916820176
               1.994        0.9994212961
               1.996       0.99965326941
               1.998       0.99984794114
                   2                   1
