            0.801178        0.0875402989       0.17179689904
            1.602356       0.16060128295       0.31073107764
            2.403534       0.22043113146       0.41155539443
            3.204712       0.26426198382       0.48882116552
             4.00589       0.30114548405        0.5436197594
            4.807068       0.32376798729       0.57340371209
            5.608246       0.33492521366        0.6047016292
            6.409424        0.3512611509       0.62477655891
            7.210602       0.36545798051       0.64428157844
             8.01178       0.38309015983       0.66881841399
            8.812958       0.41377457285       0.69510623704
            9.614136       0.44138389511       0.73008774423
           10.415314       0.46899349909       0.75735064008
           11.216492       0.50367006906       0.78642606821
            12.01767       0.53702880887       0.80985037252
           12.818848       0.57403148957       0.82985024022
           13.620026        0.6094781227        0.8505957168
           14.421204       0.64150033162       0.86905690598
           15.222382       0.66591217587        0.8841394523
            16.02356       0.68760970611       0.90168513579
           16.824738       0.70997488586       0.91623090912
           17.625916       0.72991457289        0.9284365341
           18.427094       0.74685280029       0.94191216181
           19.228272       0.75948231284       0.95085403925
            20.02945       0.77698602314       0.95704671408
           20.830628       0.79015262562       0.95879924847
           21.631806       0.80082626844       0.95970791788
           22.432984       0.81445271414       0.95900887619
           23.234162       0.82529003807       0.95993596777
            24.03534       0.83579084522       0.95955037375
           24.836518       0.84359222783       0.95878356041
           25.637696       0.85009249828       0.95749325175
           26.438874       0.85615685113       0.95713979339
           27.240052       0.86333278257       0.95682035547
            28.04123       0.86787716872       0.95676862784
           28.842408       0.87140720272        0.9567614168
           29.643586       0.87544989936       0.95683990583
           30.444764       0.87660575526       0.95693318181
           31.245942       0.87923500759       0.95687463709
            32.04712       0.88110525786       0.95716565771
           32.848298       0.88074021343       0.95699322523
           33.649476       0.88138970698        0.9569590916
           34.450654       0.87966116595       0.95678286799
           35.251832        0.8807901347       0.95677852774
            36.05301        0.8801961564         0.956552682
           36.854188       0.87658509833       0.95626523362
           37.655366       0.87552791808       0.95611124975
           38.456544        0.8762154797       0.95685133514
           39.257722       0.87316754362       0.95648863564
             40.0589       0.86980583611       0.95610973337
           40.860078        0.8685479005       0.95576026891
           41.661256       0.86558684557       0.95486302059
           42.462434       0.86138532312       0.95480860384
           43.263612       0.85544172501       0.95453150374
            44.06479       0.85045451778       0.95434843488
           44.865968       0.84619002965       0.95483926853
           45.667146       0.84203780332       0.95463514584
           46.468324       0.83665849205       0.95475769241
           47.269502       0.83465165783       0.95494218751
            48.07068       0.83395008467       0.95437172116
           48.871858        0.8318360777       0.95400356978
           49.673036       0.82809026441        0.9542311722
           50.474214       0.82483247107       0.95388067627
           51.275392       0.82183487873       0.95441035128
            52.07657       0.82034214306       0.95508928457
           52.877748       0.81834177112        0.9557698119
           53.678926        0.8172389018       0.95596842365
           54.480104        0.8166044534       0.95630852012
           55.281282       0.81647925317        0.9573367906
            56.08246       0.81692158887       0.95848334864
           56.883638       0.81799508714       0.95966573138
           57.684816       0.81975632814       0.96087129847
           58.485994       0.82223152593       0.96209243329
           59.287172       0.82517329799       0.96332381025
            60.08835       0.82731168885       0.96456105796
           60.889528       0.82989144047       0.96579924078
           61.690706       0.83327887567       0.96703378003
           62.491884       0.83745202867       0.96826174808
           63.293062       0.84237334231       0.96948169778
            64.09424       0.84799343713       0.97069433552
           64.895418       0.85425647694       0.97190210026
           65.696596       0.86111350987       0.97321626592
           66.497774       0.86851289035       0.97453904638
           67.298952       0.87639561937        0.9758517731
            68.10013       0.88469900104       0.97715653194
           68.901308       0.89336399383       0.97845599501
           69.702486       0.90231805232       0.97975382551
           70.503664       0.91138993015       0.98105456556
           71.304842       0.92039520101       0.98236342737
            72.10602       0.92918950764       0.98368602089
           72.907198       0.93766911282       0.98508910296
           73.708376       0.94578356762       0.98652517033
           74.509554       0.95316956325       0.98797830012
           75.310732       0.95974674262       0.98945411646
            76.11191       0.96626436272       0.99095809262
           76.913088       0.97259290957       0.99249564644
           77.714266       0.97881798352       0.99406823524
           78.515444       0.98522098318       0.99568453764
           79.316622       0.99147555299       0.99735821266
