           0.0801178      0.011567233675
           0.1602356      0.023050689226
           0.2403534      0.034442894931
           0.3204712      0.045736742749
            0.400589      0.056925486779
           0.4807068      0.068002740936
           0.5608246      0.078962475881
           0.6409424      0.089799015272
           0.7210602       0.10050703139
            0.801178       0.11108154016
           0.8812958       0.12151789569
           0.9614136       0.13181178429
           1.0415314       0.14195921804
           1.1216492       0.15195652804
            1.201767       0.16180035722
           1.2818848       0.17148765293
           1.3620026        0.1810156592
           1.4421204        0.1903819088
           1.5222382       0.19958421507
            1.602356       0.20862066367
           1.6824738       0.21748960409
           1.7625916       0.22618964128
           1.8427094       0.23471962805
           1.9228272       0.24307865723
            2.002945       0.25126605295
           2.0830628       0.25928136347
           2.1631806       0.26712439797
           2.2432984        0.2747952957
           2.3234162       0.28229451434
            2.403534       0.28962280103
           2.4836518        0.2967811656
           2.5637696       0.30377085576
           2.6438874       0.31059333419
           2.7240052       0.31725025737
            2.804123       0.32374345597
           2.8842408       0.33007491681
           2.9643586       0.33624676605
           3.0444764       0.34226125378
           3.1245942       0.34812073969
            3.204712       0.35382767989
           3.2848298       0.35938461463
           3.3649476       0.36479415709
           3.4450654        0.3700589829
           3.5251832       0.37518182052
            3.605301       0.38016544233
           3.6854188       0.38501265645
           3.7655366        0.3897262991
           3.8456544       0.39430922764
           3.9257722       0.39876431408
             4.00589       0.40309443916
           4.0860078       0.40730248682
           4.1661256       0.41139133915
           4.2462434       0.41536387174
           4.3263612       0.41922295495
            4.406479       0.42297158404
           4.4865968       0.42661308384
           4.5667146       0.43015109556
           4.6468324       0.43358952246
           4.7269502       0.43693248072
            4.807068       0.44018425474
           4.8871858       0.44334925695
           4.9673036       0.44643199149
           5.0474214       0.44943702153
           5.1275392       0.45236893999
            5.207657       0.45523234337
           5.2877748       0.45803180836
           5.3678926       0.46077187114
           5.4480104       0.46345700901
           5.5281282       0.46609162429
            5.608246       0.46868003013
           5.6883638       0.47122643829
           5.7684816       0.47373494849
           5.8485994        0.4762095394
           5.9287172       0.47865406093
            6.008835       0.48107222789
           6.0889528       0.48346761477
           6.1690706       0.48584365156
           6.2491884       0.48820362054
           6.3293062       0.49055065398
            6.409424       0.49288773255
           6.4895418       0.49521768444
           6.5696596       0.49754318541
           6.6497774       0.49986676254
           6.7298952       0.50219079982
            6.810013        0.5045175391
           6.8901308       0.50684908061
           6.9702486       0.50918738405
           7.0503664       0.51153427001
           7.1304842       0.51389142171
            7.210602       0.51626038713
           7.2907198       0.51864258133
           7.3708376       0.52103928908
           7.4509554       0.52345166762
           7.5310732       0.52588074964
            7.611191       0.52832744641
           7.6913088       0.53079255097
           7.7714266       0.53327674153
           7.8515444       0.53578058479
           7.9316622        0.5383045395
             8.01178       0.54084895989
           8.0918978       0.54341409927
           8.1720156       0.54600011357
           8.2521334       0.54860706485
           8.3322512        0.5512349249
            8.412369       0.55388357952
           8.4924868         0.556552839
           8.5726046       0.55924244733
           8.6527224       0.56195208574
           8.7328402        0.5646813757
            8.812958       0.56742988202
           8.8930758       0.57019711863
           8.9731936       0.57298255665
           9.0533114       0.57578562812
           9.1334292       0.57860572845
            9.213547       0.58144221891
           9.2936648       0.58429442898
           9.3737826       0.58716165865
           9.4539004       0.59004318066
           9.5340182       0.59293824264
            9.614136        0.5958460692
           9.6942538       0.59876586392
           9.7743716       0.60169681129
           9.8544894       0.60463807859
           9.9346072       0.60758881763
           10.014725       0.61054816649
          10.0948428       0.61351525117
          10.1749606       0.61648918715
          10.2550784       0.61946908089
          10.3351962       0.62245403128
           10.415314       0.62544313099
          10.4954318        0.6284354678
          10.5755496       0.63143012592
          10.6556674       0.63442618903
          10.7357852       0.63742274371
           10.815903       0.64041888034
          10.8960208       0.64341369369
          10.9761386       0.64640628332
          11.0562564        0.6493957541
          11.1363742       0.65238121667
           11.216492       0.65536178785
          11.2966098       0.65833659106
          11.3767276       0.66130475674
          11.4568454       0.66426542268
          11.5369632       0.66721773439
           11.617081       0.67016084545
          11.6971988       0.67309391821
          11.7773166       0.67601612742
          11.8574344       0.67892666288
          11.9375522       0.68182472978
            12.01767       0.68470954878
          12.0977878       0.68758035621
          12.1779056       0.69043640697
          12.2580234       0.69327697939
          12.3381412       0.69610137594
           12.418259       0.69890892548
          12.4983768       0.70169899669
          12.5784946       0.70447100436
          12.6586124       0.70722440705
          12.7387302       0.70995870452
           12.818848       0.71267343533
          12.8989658       0.71536817461
          12.9790836       0.71804253188
          13.0592014       0.72069614909
          13.1393192       0.72332869873
           13.219437       0.72593988207
          13.2995548       0.72852942751
          13.3796726       0.73109708898
          13.4597904       0.73364264453
          13.5399082       0.73616589491
           13.620026       0.73866666231
          13.7001438       0.74114478911
          13.7802616       0.74360013677
          13.8603794       0.74603258471
          13.9404972       0.74844202948
           14.020615       0.75082838556
          14.1007328       0.75319158659
          14.1808506       0.75553158432
          14.2609684       0.75784834744
          14.3410862       0.76014186045
           14.421204       0.76241212258
          14.5013218       0.76465914683
          14.5814396       0.76688295902
          14.6615574       0.76908359689
          14.7416752       0.77126110933
           14.821793        0.7734155556
          14.9019108       0.77554700458
          14.9820286       0.77765553415
          15.0621464        0.7797412305
          15.1422642       0.78180418759
           15.222382       0.78384450657
          15.3024998       0.78586229528
          15.3826176       0.78785766774
          15.4627354       0.78983074372
          15.5428532       0.79178164831
           15.622971        0.7937105115
          15.7030888       0.79561746784
          15.7832066       0.79750265609
          15.8633244       0.79936621887
          15.9434422       0.80120830235
            16.02356         0.803029056
          16.1036778       0.80482863231
          16.1837956        0.8066071865
          16.2639134       0.80836487636
          16.3440312       0.81010186195
           16.424149       0.81181830546
          16.5042668       0.81351437097
          16.5843846        0.8151902243
          16.6645024       0.81684603283
          16.7446202       0.81848196534
           16.824738       0.82009819185
          16.9048558       0.82169488351
          16.9849736       0.82327221245
          17.0650914       0.82483035165
          17.1452092       0.82636947484
           17.225327       0.82788975638
          17.3054448       0.82939137116
          17.3855626       0.83087449451
          17.4656804       0.83233930211
          17.5457982        0.8337859699
           17.625916       0.83521467398
          17.7060338       0.83662559058
          17.7861516       0.83801889594
          17.8662694       0.83939476628
          17.9463872       0.84075337772
           18.026505       0.84209490619
          18.1066228       0.84341952743
          18.1867406        0.8447274169
          18.2668584       0.84601874972
          18.3469762       0.84729370064
           18.427094       0.84855244399
          18.5072118       0.84979515363
          18.5873296        0.8510220029
          18.6674474       0.85223316459
          18.7475652       0.85342881089
           18.827683       0.85460911343
          18.9078008       0.85577424336
          18.9879186       0.85692437129
          19.0680364       0.85805966734
          19.1481542         0.859180301
           19.228272       0.86028644119
          19.3083898       0.86137825615
          19.3885076       0.86245591347
          19.4686254          0.86351958
          19.5487432       0.86456942187
           19.628861       0.86560560442
          19.7089788       0.86662829219
          19.7890966       0.86763764891
          19.8692144       0.86863383743
          19.9493322       0.86961701971
            20.02945       0.87044531425
          20.1095678       0.87126517422
          20.1896856       0.87207664648
          20.2698034        0.8728797776
          20.3499212       0.87367461404
           20.430039       0.87446120217
          20.5101568       0.87523958848
          20.5902746       0.87600981957
          20.6703924       0.87677194231
          20.7505102       0.87752600384
           20.830628       0.87827205169
          20.9107458       0.87901013377
          20.9908636       0.87974029844
          21.0709814       0.88046259455
          21.1510992       0.88117707144
           21.231217       0.88188377898
          21.3113348       0.88258276758
          21.3914526       0.88327408817
          21.4715704       0.88395779226
          21.5516882       0.88463393189
           21.631806       0.88530255965
          21.7119238       0.88596372867
          21.7920416       0.88661749259
          21.8721594       0.88726390558
          21.9522772       0.88790302231
           22.032395       0.88853489792
          22.1125128       0.88915958801
          22.1926306       0.88977714865
          22.2727484       0.89038763631
          22.3528662       0.89099110785
           22.432984       0.89158762052
          22.5131018       0.89217723191
          22.5932196       0.89275999996
          22.6733374       0.89333598288
          22.7534552       0.89390523916
           22.833573       0.89446782757
          22.9136908       0.89502380706
          22.9938086       0.89557323682
          23.0739264       0.89611617618
          23.1540442       0.89665268463
           23.234162       0.89718282178
          23.3142798       0.89770664735
          23.3943976       0.89822422111
          23.4745154        0.8987356029
          23.5546332       0.89924085257
           23.634751       0.89974002999
          23.7148688       0.90023319499
          23.7949866       0.90072040737
          23.8751044       0.90120172686
          23.9552222       0.90167721311
            24.03534       0.90214692566
          24.1154578       0.90261092394
          24.1955756       0.90306926723
          24.2756934       0.90352201463
          24.3558112       0.90396922509
           24.435929       0.90441095734
          24.5160468       0.90484726992
          24.5961646       0.90527822112
          24.6762824         0.905703869
          24.7564002       0.90612427136
           24.836518       0.90653948573
          24.9166358       0.90694956934
          24.9967536       0.90735457914
          25.0768714       0.90775457177
          25.1569892       0.90814960354
           25.237107       0.90853973042
          25.3172248       0.90892500806
          25.3973426       0.90930549175
          25.4774604       0.90968123639
          25.5575782       0.91005229655
           25.637696       0.91041872641
          25.7178138       0.91078057974
          25.7979316       0.91113790994
          25.8780494       0.91149077002
          25.9581672       0.91183921254
           26.038285       0.91218328969
          26.1184028       0.91252305323
          26.1985206       0.91285855448
          26.2786384       0.91318984435
          26.3587562       0.91351697331
           26.438874        0.9138399914
          26.5189918       0.91415894822
          26.5991096       0.91447389293
          26.6792274       0.91478487422
          26.7593452       0.91509194037
           26.839463       0.91539513919
          26.9195808       0.91569451803
          26.9996986       0.91599012381
          27.0798164       0.91628200298
          27.1599342       0.91657020153
           27.240052       0.91685476501
          27.3201698       0.91713573851
          27.4002876       0.91741316664
          27.4804054       0.91768709358
          27.5605232       0.91795756304
           27.640641        0.9182246183
          27.7207588       0.91848830213
          27.8008766        0.9187486569
          27.8809944        0.9190057245
          27.9611122       0.91925954637
            28.04123        0.9195101635
          28.1213478       0.91975761643
          28.2014656       0.92000194526
          28.2815834       0.92024318963
          28.3617012       0.92048138874
           28.441819       0.92071658135
          28.5219368       0.92094880579
          28.6020546       0.92117809994
          28.6821724       0.92140450123
          28.7622902        0.9216280467
           28.842408       0.92184877292
          28.9225258       0.92206671604
          29.0026436       0.92228191181
          29.0827614       0.92249439553
          29.1628792       0.92270420209
           29.242997       0.92291136596
          29.3231148       0.92311592122
          29.4032326       0.92331790151
          29.4833504       0.92351734008
          29.5634682       0.92371426978
           29.643586       0.92390872304
          29.7237038       0.92410073191
          29.8038216       0.92429032806
          29.8839394       0.92447754274
          29.9640572       0.92466240682
           30.044175       0.92484495081
          30.1242928       0.92502520483
          30.2044106        0.9252031986
          30.2845284        0.9253789615
          30.3646462       0.92555252254
           30.444764       0.92572391033
          30.5248818       0.92589315315
          30.6049996       0.92606027893
          30.6851174       0.92622531521
          30.7652352       0.92638828922
           30.845353        0.9265492278
          30.9254708       0.92670815749
          31.0055886       0.92686510445
          31.0857064       0.92702009454
          31.1658242       0.92717315326
           31.245942        0.9273243058
          31.3260598       0.92747357701
          31.4061776       0.92762099143
          31.4862954       0.92776657327
          31.5664132       0.92791034643
           31.646531       0.92805233451
          31.7266488       0.92819256079
          31.8067666       0.92833104825
          31.8868844       0.92846781957
          31.9670022       0.92860289712
            32.04712       0.92873630301
          32.1272378       0.92886805901
          32.2073556       0.92899818666
          32.2874734       0.92912670717
          32.3675912        0.9292536415
           32.447709       0.92937901031
          32.5278268         0.929502834
          32.6079446       0.92962513272
          32.6880624        0.9297459263
          32.7681802       0.92986523437
           32.848298       0.92998307625
          32.9284158       0.93009947103
          33.0085336       0.93021443753
          33.0886514       0.93032799434
          33.1687692       0.93044015979
           33.248887       0.93055095197
          33.3290048       0.93066038871
          33.4091226       0.93076848763
          33.4892404       0.93087526611
          33.5693582       0.93098074127
           33.649476       0.93108493004
          33.7295938       0.93118784909
          33.8097116        0.9312895149
          33.8898294       0.93138994371
          33.9699472       0.93148915153
           34.050065       0.93158715417
          34.1301828       0.93168396725
          34.2103006       0.93177960614
          34.2904184       0.93187408603
          34.3705362       0.93196742189
           34.450654       0.93205962851
          34.5307718       0.93215072046
          34.6108896       0.93224071213
          34.6910074       0.93232961771
          34.7711252       0.93241745119
           34.851243        0.9325042264
          34.9313608       0.93258995695
          35.0114786       0.93267465629
          35.0915964       0.93275833768
          35.1717142       0.93284101421
           35.251832       0.93292269879
          35.3319498       0.93300340414
          35.4120676       0.93308314284
          35.4921854       0.93316192728
          35.5723032       0.93323976968
           35.652421       0.93331668212
          35.7325388       0.93339267649
          35.8126566       0.93346776454
          35.8927744       0.93354195784
          35.9728922       0.93361526784
            36.05301        0.9336877058
          36.1331278       0.93375928284
          36.2132456       0.93383000995
          36.2933634       0.93389989794
          36.3734812       0.93396895751
           36.453599       0.93403719918
          36.5337168       0.93410463336
          36.6138346        0.9341712703
          36.6939524       0.93423712012
          36.7740702       0.93430219282
           36.854188       0.93436649822
          36.9343058       0.93443004606
          37.0144236       0.93449284593
          37.0945414       0.93455490728
          37.1746592       0.93461623944
           37.254777       0.93467685163
          37.3348948       0.93473675293
          37.4150126       0.93479595231
          37.4951304        0.9348544586
          37.5752482       0.93491228053
           37.655366       0.93496942671
          37.7354838       0.93502590564
          37.8156016        0.9350817257
          37.8957194       0.93513689515
          37.9758372       0.93519142215
           38.055955       0.93524531476
          38.1360728       0.93529858092
          38.2161906       0.93535122846
          38.2963084       0.93540326511
          38.3764262       0.93545469852
           38.456544       0.93550553619
          38.5366618       0.93555578557
          38.6167796       0.93560545398
          38.6968974       0.93565454866
          38.7770152       0.93570307674
           38.857133       0.93575104526
          38.9372508       0.93579846117
          39.0173686       0.93584533134
          39.0974864       0.93589166251
          39.1776042       0.93593746138
           39.257722       0.93598273452
          39.3378398       0.93602748844
          39.4179576       0.93607172956
          39.4980754       0.93611546421
          39.5781932       0.93615869863
           39.658311       0.93620143898
          39.7384288       0.93624369137
          39.8185466       0.93628546177
          39.8986644       0.93632675614
          39.9787822        0.9363675803
             40.0589       0.93640794003
          40.1390178       0.93644784103
          40.2191356       0.93648728892
          40.2992534       0.93652628923
          40.3793712       0.93656484746
           40.459489         0.936602969
          40.5396068       0.93664065917
          40.6197246       0.93667792325
          40.6998424       0.93671476643
          40.7799602       0.93675119383
           40.860078       0.93678721051
          40.9401958       0.93682282147
          41.0203136       0.93685803163
          41.1004314       0.93689284585
          41.1805492       0.93692726895
           41.260667       0.93696130564
          41.3407848       0.93699496063
          41.4209026        0.9370282385
          41.5010204       0.93706114384
          41.5811382       0.93709368112
           41.661256       0.93712585479
          41.7413738       0.93715766924
          41.8214916       0.93718912878
          41.9016094       0.93722023769
          41.9817272       0.93725100018
           42.061845        0.9372814204
          42.1419628       0.93731150247
          42.2220806       0.93734125044
          42.3021984       0.93737066831
          42.3823162       0.93739976002
           42.462434       0.93742852948
          42.5425518       0.93745698054
          42.6226696       0.93748511699
          42.7027874       0.93751294259
          42.7829052       0.93754046104
           42.863023       0.93756767599
          42.9431408       0.93759459104
          43.0232586       0.93762120978
          43.1033764        0.9376475357
          43.1834942       0.93767357228
           43.263612       0.93769932296
          43.3437298       0.93772479111
          43.4238476       0.93774998007
          43.5039654       0.93777489314
          43.5840832       0.93779953359
           43.664201       0.93782390461
          43.7443188        0.9378480094
          43.8244366       0.93787185108
          43.9045544       0.93789543275
          43.9846722       0.93791875746
            44.06479       0.93794182823
          44.1449078        0.9379646482
          44.2250256       0.93798722127
          44.3051434       0.93800955236
          44.3852612       0.93803164731
           44.465379       0.93805351284
          44.5454968        0.9380751565
          44.6256146       0.93809658657
          44.7057324       0.93811781203
          44.7858502        0.9381388425
           44.865968       0.93815968821
          44.9460858       0.93818035989
          45.0262036       0.93820086878
          45.1063214       0.93822122659
          45.1864392        0.9382414454
           45.266557       0.93826153766
          45.3466748       0.93828151617
          45.4267926       0.93830139398
          45.5069104       0.93832118444
          45.5870282       0.93834090107
           45.667146       0.93836055763
          45.7472638       0.93838016801
          45.8273816       0.93839974623
          45.9074994       0.93841930643
          45.9876172       0.93843886283
           46.067735        0.9384584297
          46.1478528       0.93847802135
          46.2279706       0.93849765209
          46.3080884       0.93851733625
          46.3882062        0.9385370881
           46.468324       0.93855692189
          46.5484418       0.93857685181
          46.6285596         0.938596892
          46.7086774       0.93861705696
          46.7887952       0.93863736189
           46.868913       0.93865782265
          46.9490308       0.93867845573
          47.0291486       0.93869927817
          47.1092664       0.93872030751
          47.1893842       0.93874156172
           47.269502       0.93876305919
          47.3496198       0.93878481863
          47.4297376       0.93880685905
          47.5098554       0.93882919972
          47.5899732       0.93885186013
           47.670091       0.93887485993
          47.7502088       0.93889821891
          47.8303266       0.93892195696
          47.9104444       0.93894609404
          47.9905622       0.93897065014
            48.07068       0.93899564526
          48.1507978       0.93902109937
          48.2309156        0.9390470324
          48.3110334       0.93907346421
          48.3911512       0.93910041453
           48.471269         0.939127903
          48.5513868       0.93915594911
          48.6315046       0.93918457219
          48.7116224       0.93921379138
          48.7917402       0.93924362563
           48.871858       0.93927409367
          48.9519758       0.93930521402
          49.0320936       0.93933700493
          49.1122114       0.93936948443
          49.1923292       0.93940267024
           49.272447       0.93943657983
          49.3525648       0.93947123038
          49.4326826       0.93950663876
          49.5128004       0.93954282154
          49.5929182       0.93957979497
           49.673036       0.93961757499
          49.7531538       0.93965617719
          49.8332716       0.93969561684
          49.9133894       0.93973590887
          49.9935072       0.93977706786
           50.073625       0.93981910805
          50.1537428        0.9398620433
          50.2338606       0.93990588716
          50.3139784       0.93995065278
          50.3940962       0.93999635297
           50.474214       0.94004300017
          50.5543318       0.94009060648
          50.6344496       0.94013918359
          50.7145674       0.94018874287
          50.7946852        0.9402392953
           50.874803       0.94029085151
          50.9549208       0.94034342175
          51.0350386       0.94039701592
          51.1151564       0.94045164355
          51.1952742       0.94050731382
           51.275392       0.94056403553
          51.3555098       0.94062181714
          51.4356276       0.94068066675
          51.5157454       0.94074059211
          51.5958632       0.94080160061
           51.675981        0.9408636993
          51.7560988       0.94092689488
          51.8362166       0.94099119372
          51.9163344       0.94105660184
          51.9964522       0.94112312491
            52.07657       0.94119076831
          52.1566878       0.94125953704
          52.2368056       0.94132943582
          52.3169234       0.94140046901
          52.3970412       0.94147264069
           52.477159       0.94154595459
          52.5572768       0.94162041416
          52.6373946       0.94169602253
          52.7175124       0.94177278253
          52.7976302        0.9418506967
           52.877748       0.94192976727
          52.9578658       0.94200999621
          53.0379836       0.94209138518
          53.1181014       0.94217393558
          53.1982192       0.94225764851
           53.278337       0.94234252483
          53.3584548        0.9424285651
          53.4385726       0.94251576966
          53.5186904       0.94260413855
          53.5988082       0.94269367159
           53.678926       0.94278436833
          53.7590438       0.94287622809
          53.8391616       0.94296924995
          53.9192794       0.94306343275
          53.9993972        0.9431587751
           54.079515       0.94325527539
          54.1596328       0.94335293178
          54.2397506       0.94345174223
          54.3198684       0.94355170447
          54.3999862       0.94365281603
           54.480104       0.94375507424
          54.5602218       0.94385847623
          54.6403396       0.94396301893
          54.7204574       0.94406869908
          54.8005752       0.94417551325
           54.880693       0.94428345782
          54.9608108       0.94439252897
          55.0409286       0.94450272274
          55.1210464       0.94461403498
          55.2011642       0.94472646139
           55.281282        0.9448399975
          55.3613998       0.94495463869
          55.4415176       0.94507038018
          55.5216354       0.94518721705
          55.6017532       0.94530514422
           55.681871       0.94542415648
          55.7619888       0.94554424849
          55.8421066       0.94566541476
          55.9222244       0.94578764969
          56.0023422       0.94591094754
            56.08246       0.94603530245
          56.1625778       0.94616070844
          56.2426956       0.94628715943
          56.3228134        0.9464146492
          56.4029312       0.94654317146
           56.483049       0.94667271977
          56.5631668       0.94680328763
          56.6432846       0.94693486843
          56.7234024       0.94706745544
          56.8035202       0.94720104188
           56.883638       0.94733562085
          56.9637558       0.94747118537
          57.0438736        0.9476077284
          57.1239914        0.9477452428
          57.2041092       0.94788372135
           57.284227       0.94802315678
          57.3643448       0.94816354173
          57.4444626       0.94830486877
          57.5245804       0.94844713042
          57.6046982       0.94859031914
           57.684816       0.94873442731
          57.7649338       0.94887944727
          57.8450516       0.94902537131
          57.9251694       0.94917219165
          58.0052872       0.94931990049
           58.085405       0.94946848995
          58.1655228       0.94961795213
          58.2456406       0.94976827907
          58.3257584        0.9499194628
          58.4058762       0.95007149528
           58.485994       0.95022436846
          58.5661118       0.95037807424
          58.6462296       0.95053260451
          58.7263474       0.95068795111
          58.8064652       0.95084410587
           58.886583       0.95100106058
          58.9667008       0.95115880703
          59.0468186       0.95131733697
          59.1269364       0.95147664214
          59.2070542       0.95163671427
           59.287172       0.95179754506
          59.3672898       0.95195912622
          59.4474076       0.95212144942
          59.5275254       0.95228450635
          59.6076432       0.95244828867
           59.687761       0.95261278805
          59.7678788       0.95277799614
          59.8479966       0.95294390461
          59.9281144        0.9531105051
          60.0082322       0.95327778928
            60.08835       0.95344574881
          60.1684678       0.95361437534
          60.2485856       0.95378366053
          60.3287034       0.95395359607
          60.4088212       0.95412417364
           60.488939       0.95429538491
          60.5690568       0.95446722159
          60.6491746       0.95463967539
          60.7292924       0.95481273804
          60.8094102       0.95498640126
           60.889528       0.95516065681
          60.9696458       0.95533549645
          61.0497636       0.95551091198
          61.1298814       0.95568689518
          61.2099992       0.95586343789
           61.290117       0.95604053195
          61.3702348       0.95621816921
          61.4503526       0.95639634157
          61.5304704       0.95657504092
          61.6105882       0.95675425921
           61.690706       0.95693398839
          61.7708238       0.95711422044
          61.8509416       0.95729494737
          61.9310594       0.95747616122
          62.0111772       0.95765785405
           62.091295       0.95784001796
          62.1714128       0.95802264507
          62.2515306       0.95820572753
          62.3316484       0.95838925753
          62.4117662       0.95857322729
           62.491884       0.95875762904
          62.5720018       0.95894245509
          62.6521196       0.95912769773
          62.7322374       0.95931334933
          62.8123552       0.95949940226
           62.892473       0.95968584895
          62.9725908       0.95987268185
          63.0527086       0.96005989346
          63.1328264        0.9602474763
          63.2129442       0.96043542293
           63.293062       0.96062372598
          63.3731798       0.96081237807
          63.4532976       0.96100137189
          63.5334154       0.96119070015
          63.6135332       0.96138035563
           63.693651       0.96157033112
          63.7737688       0.96176061946
          63.8538866       0.96195121353
          63.9340044       0.96214210625
          64.0141222       0.96233329059
            64.09424       0.96252475954
          64.1743578       0.96271650617
          64.2544756       0.96290852355
          64.3345934       0.96310080481
          64.4147112       0.96329334314
           64.494829       0.96348613174
          64.5749468       0.96367916388
          64.6550646       0.96387243285
          64.7351824       0.96406593201
          64.8153002       0.96425965475
           64.895418        0.9644535945
          64.9755358       0.96464774473
          65.0556536       0.96484209897
          65.1357714       0.96503665078
          65.2158892       0.96523139378
           65.296007       0.96542632162
          65.3761248         0.965621428
          65.4562426       0.96581670667
          65.5363604        0.9660121514
          65.6164782       0.96620775605
           65.696596       0.96640351449
          65.7767138       0.96659942064
          65.8568316       0.96679546847
          65.9369494       0.96699165199
          66.0170672       0.96718796528
           66.097185       0.96738440242
          66.1773028       0.96758095757
          66.2574206       0.96777762494
          66.3375384       0.96797439874
          66.4176562       0.96817127329
           66.497774       0.96836824289
          66.5778918       0.96856530194
          66.6580096       0.96876244484
          66.7381274       0.96895966608
          66.8182452       0.96915696015
           66.898363       0.96935432162
          66.9784808       0.96955174509
          67.0585986        0.9697492252
          67.1387164       0.96994675665
          67.2188342       0.97014433417
           67.298952       0.97034195254
          67.3790698       0.97053960659
          67.4591876       0.97073729118
          67.5393054       0.97093500124
          67.6194232       0.97113273172
           67.699541       0.97133047763
          67.7796588         0.971528234
          67.8597766       0.97172599594
          67.9398944       0.97192375857
          68.0200122       0.97212151708
            68.10013       0.97231926669
          68.1802478       0.97251700267
          68.2603656       0.97271472032
          68.3404834       0.97291241499
          68.4206012       0.97311008209
           68.500719       0.97330771705
          68.5808368       0.97350531535
          68.6609546       0.97370287252
          68.7410724       0.97390038412
          68.8211902       0.97409784577
           68.901308       0.97429525311
          68.9814258       0.97449260184
          69.0615436       0.97468988769
          69.1416614       0.97488710644
          69.2217792       0.97508425391
           69.301897       0.97528132595
          69.3820148       0.97547831847
          69.4621326       0.97567522742
          69.5422504       0.97587204876
          69.6223682       0.97606877853
           69.702486       0.97626541279
          69.7826038       0.97646194765
          69.8627216       0.97665837924
          69.9428394       0.97685470375
          70.0229572        0.9770509174
           70.103075       0.97724701646
          70.1831928       0.97744299723
          70.2633106       0.97763885605
          70.3434284        0.9778345893
          70.4235462        0.9780301934
           70.503664        0.9782256648
          70.5837818       0.97842100001
          70.6638996       0.97861619554
          70.7440174       0.97881124798
          70.8241352       0.97900615393
           70.904253       0.97920091005
          70.9843708         0.979395513
          71.0644886       0.97958995952
          71.1446064       0.97978424635
          71.2247242        0.9799783703
           71.304842       0.98017232819
          71.3849598       0.98036611689
          71.4650776       0.98055973329
          71.5451954       0.98075317435
          71.6253132       0.98094643702
           71.705431       0.98113951832
          71.7855488       0.98133241529
          71.8656666       0.98152512501
          71.9457844       0.98171764459
          72.0259022       0.98190997118
            72.10602       0.98210210196
          72.1861378       0.98229403413
          72.2662556       0.98248576496
          72.3463734       0.98267729173
          72.4264912       0.98286861174
           72.506609       0.98305972234
          72.5867268       0.98325062093
          72.6668446        0.9834413049
          72.7469624       0.98363177171
          72.8270802       0.98382201884
           72.907198       0.98401204379
          72.9873158        0.9842018441
          73.0674336       0.98439141735
          73.1475514       0.98458076115
          73.2276692       0.98476987312
           73.307787       0.98495875093
          73.3879048       0.98514739229
          73.4680226       0.98533579491
          73.5481404       0.98552395656
          73.6282582       0.98571187502
           73.708376        0.9858995481
          73.7884938       0.98608697366
          73.8686116       0.98627414957
          73.9487294       0.98646107373
          74.0288472       0.98664774408
           74.108965       0.98683415858
          74.1890828       0.98702031522
          74.2692006       0.98720621201
          74.3493184       0.98739184701
          74.4294362       0.98757721828
           74.509554       0.98776232394
          74.5896718        0.9879471621
          74.6697896       0.98813173093
          74.7499074        0.9883160286
          74.8300252       0.98850005333
           74.910143       0.98868380335
          74.9902608       0.98886727693
          75.0703786       0.98905047236
          75.1504964       0.98923338794
          75.2306142       0.98941602204
           75.310732       0.98959837306
          75.3908498       0.98978043946
          75.4709676       0.98996221972
          75.5510854       0.99014371238
          75.6312032       0.99032491604
           75.711321        0.9905058293
          75.7914388       0.99068645084
          75.8715566       0.99086677936
          75.9516744       0.99104681361
          76.0317922       0.99122655236
            76.11191       0.99140599444
          76.1920278       0.99158513871
          76.2721456       0.99176398406
          76.3522634       0.99194252951
          76.4323812       0.99212077418
           76.512499       0.99229871732
          76.5926168       0.99247635831
          76.6727346       0.99265369663
          76.7528524       0.99283073188
          76.8329702       0.99300746377
           76.913088       0.99318389211
          76.9932058       0.99336001681
          77.0733236       0.99353583788
          77.1534414       0.99371135542
          77.2335592       0.99388656962
           77.313677       0.99406148077
          77.3937948       0.99423608921
          77.4739126       0.99441039541
          77.5540304       0.99458439987
          77.6341482        0.9947581032
           77.714266        0.9949315061
          77.7943838       0.99510460932
          77.8745016       0.99527741372
          77.9546194       0.99544992022
          78.0347372       0.99562212982
           78.114855       0.99579404358
          78.1949728       0.99596566266
          78.2750906       0.99613698823
          78.3552084       0.99630802158
          78.4353262       0.99647876401
           78.515444       0.99664921691
          78.5955618       0.99681938171
          78.6756796       0.99698925989
          78.7557974         0.997158853
          78.8359152        0.9973281626
           78.916033       0.99749719032
          78.9961508       0.99766593784
          79.0762686       0.99783440685
          79.1563864       0.99800259912
          79.2365042       0.99817051642
           79.316622       0.99833816057
          79.3967398       0.99850553342
          79.4768576       0.99867263686
          79.5569754       0.99883947279
          79.6370932       0.99900604316
           79.717211       0.99917234992
          79.7973288       0.99933839507
          79.8774466       0.99950418061
          79.9575644       0.99966970857
          80.0376822       0.99983498101
             80.1178                   1
