                0.02      0.017526578601      0.029144817604
                0.04      0.034624753713      0.057709895936
                0.06      0.051368691371      0.085756574628
                0.08       0.06792287031       0.11318113525
                 0.1      0.084373535971       0.14010784021
                0.12       0.10087544691       0.16650297678
                0.14       0.11782706869       0.19237308344
                0.16       0.13511362922       0.21766081645
                0.18        0.1517582522       0.24238917659
                 0.2       0.16873118239       0.26719021568
                0.22       0.18638329264       0.29145863543
                0.24        0.2041411456       0.31436381778
                0.26       0.22247899323       0.33791660984
                0.28       0.24011186921       0.36120845246
                 0.3       0.25730623302       0.38337065872
                0.32       0.27679878334       0.40499103432
                0.34       0.29485630339          0.42598161
                0.36        0.3117222603       0.44670079728
                0.38       0.32868881556       0.46559272691
                 0.4       0.34732344895       0.48489408398
                0.42       0.36265068392        0.5056391314
                0.44       0.37790153033       0.52389051763
                0.46       0.39428088315       0.54107301762
                0.48       0.41024406506       0.55727320001
                 0.5       0.42412251592       0.57254378585
                0.52       0.43893373609       0.58851154678
                0.54       0.45186677933       0.60341372769
                0.56       0.46540036298       0.61562573025
                0.58        0.4786331032       0.62769791852
                 0.6       0.49103231018       0.63843674595
                0.62       0.49994944821       0.64781226294
                0.64       0.50939676613       0.65600729385
                0.66       0.51878533646       0.66354276602
                0.68       0.52784313383       0.67049071658
                 0.7       0.53490073921       0.67749846191
                0.72       0.54170444181       0.68371488299
                0.74       0.54833280475       0.68902369611
                0.76       0.55218843942        0.6953003265
                0.78       0.55747586988       0.70126866296
                 0.8       0.56298481048       0.70575760066
                0.82       0.56809910429       0.70964332147
                0.84       0.57451841464       0.71456406549
                0.86       0.58025422707       0.72013558708
                0.88       0.58720013472       0.72630239234
                 0.9       0.59403335168       0.73343662891
                0.92       0.60033361781       0.73948126532
                0.94       0.60738310162       0.74542902426
                0.96       0.61592413304       0.75152235912
                0.98       0.62443041914       0.75910237058
                   1       0.63191162442       0.76504772266
                1.02       0.63895817778       0.77189091139
                1.04       0.64765247167        0.7790073073
                1.06       0.65761928291       0.78720248382
                1.08       0.66754041288       0.79524183026
                 1.1        0.6774139332       0.80324744793
                1.12       0.68875291921       0.81242951196
                1.14       0.69871539067       0.82089669265
                1.16        0.7109769752       0.82993060378
                1.18       0.72278558143       0.83946331671
                 1.2       0.73369743699       0.84886190311
                1.22       0.74597437199       0.85810300384
                1.24       0.75636651332        0.8658022971
                1.26       0.76756018616       0.87501389732
                1.28       0.78104906793       0.88345719743
                 1.3       0.79353614932       0.89254174633
                1.32       0.80425899133       0.90172055291
                1.34       0.81462108837       0.91093930718
                1.36         0.825622979       0.91914537063
                1.38       0.83561424568       0.92693479141
                 1.4       0.84576362013       0.93411988294
                1.42       0.85416213922       0.94044976924
                1.44       0.86294585569       0.94744488421
                1.46       0.87140208287       0.95358264557
                1.48       0.87698403634       0.95955856493
                 1.5       0.88286596328       0.96536492614
                1.52       0.88871332996       0.96964609128
                1.54       0.89413974505       0.97385116804
                1.56        0.8993513304       0.97826480633
                1.58       0.90399112385       0.98226352632
                 1.6       0.90594835152       0.98534370961
                1.62       0.90866555569        0.9880500859
                1.64       0.91029939214       0.98983248844
                1.66       0.91318649971       0.99154783212
                1.68       0.91572438055       0.99270630156
                 1.7       0.91537307339       0.99431472413
                1.72       0.91050442459       0.99511061944
                1.74       0.90900258255       0.99603198133
                1.76        0.9054712661       0.99682719229
                1.78       0.89941847891       0.99776749582
                 1.8       0.89688399657       0.99845348557
                1.82       0.89446828728       0.99913252223
                1.84       0.88749913178       0.99959154075
                1.86        0.8780187274         1.000057644
                1.88       0.86663784809         1.000214866
                 1.9       0.85343109817        1.0004291482
                1.92       0.83662722298        1.0004833297
                1.94       0.81542380144        1.0004552598
                1.96       0.78532979943        1.0003611535
                1.98       0.77121493573        1.0002066163
