                0.02      0.014919794191      0.037582164077
                0.04      0.029755877528      0.073876757557
                0.06      0.045317863087       0.10784236857
                0.08      0.061093948565       0.14004440784
                 0.1      0.078578860261       0.16952251511
                0.12      0.096939654627       0.19597322964
                0.14       0.11560988155       0.22362939805
                0.16       0.13635307427       0.24979709151
                0.18       0.15773386525       0.27420732861
                 0.2        0.1790456517       0.29628010389
                0.22       0.20021892902       0.32219487849
                0.24       0.22060639739       0.34580212735
                0.26       0.24015462383       0.36724406047
                0.28       0.25737281321       0.38922401048
                 0.3       0.27346461994       0.40970645561
                0.32       0.28908217567       0.42603255607
                0.34       0.30628831098       0.44208707454
                0.36       0.32114441345       0.45378319249
                0.38       0.33314168822        0.4663092885
                 0.4        0.3432426288       0.48035233968
                0.42        0.3550825731       0.49295863251
                0.44       0.36852246084       0.50516425342
                0.46       0.38071430632       0.51674167376
                0.48       0.39312761288       0.52976378121
                 0.5       0.40748641839       0.54239075934
                0.52       0.42162997965       0.55724285648
                0.54       0.43497421338       0.56806591847
                0.56       0.44928740444       0.58391203192
                0.58       0.46278109793       0.59807908232
                 0.6       0.47614736984       0.60942710688
                0.62       0.48868482489       0.62268663265
                0.64       0.50284993546       0.63618793142
                0.66       0.51352680678       0.64816814219
                0.68       0.52355446743        0.6595430384
                 0.7       0.53394532004       0.66916760912
                0.72       0.54026397851       0.67632411443
                0.74       0.54578708331       0.68243373377
                0.76       0.55295589798       0.68793874984
                0.78       0.55955821457       0.69417197341
                 0.8       0.56808332659       0.69938848367
                0.82       0.57638657285       0.70598769339
                0.84       0.58473264863       0.71132773126
                0.86       0.58983296795       0.71416067837
                0.88       0.59950758149       0.72216852401
                 0.9       0.60867867796       0.72893611553
                0.92       0.61772985033       0.73618710041
                0.94       0.62599349783       0.74214236778
                0.96        0.6339755118       0.74858750245
                0.98       0.64234059465       0.75567194264
                   1       0.65064840816       0.76062434793
                1.02       0.65921732216       0.76715239978
                1.04       0.66585860313       0.77347839498
                1.06       0.67420689986       0.78053907295
                1.08       0.68309116165       0.78810238818
                 1.1       0.69070897764       0.79406311181
                1.12       0.69755556013       0.79942587808
                1.14       0.70596386623       0.80717761156
                1.16       0.71403291286       0.81480069123
                1.18       0.72130750529       0.82154988472
                 1.2       0.73146382213       0.82792254085
                1.22       0.73926364884       0.83535460366
                1.24       0.74780422218       0.84203052323
                1.26       0.75518760875       0.84794790958
                1.28       0.76380842309       0.85366977161
                 1.3       0.77130678503       0.86022676247
                1.32       0.78082316313       0.86493122748
                1.34       0.78827428082       0.87067787886
                1.36        0.7960406245       0.87723369441
                1.38       0.80248846765       0.88270277328
                 1.4       0.80887377887       0.88871490293
                1.42       0.81497369932       0.89438458148
                1.44       0.82083394647       0.89940388261
                1.46       0.82645064198        0.9053587422
                1.48       0.83247709235       0.91020115064
                 1.5       0.83777744894       0.91470939974
                1.52       0.84100409026       0.91894554731
                1.54       0.84535590102       0.92319084508
                1.56       0.85049397834       0.92735940904
                1.58       0.85460978448       0.93149411299
                 1.6       0.86036143233       0.93451728131
                1.62       0.86595877184       0.93826655007
                1.64       0.87166494353       0.94277938481
                1.66       0.87750054896       0.94551206384
                1.68       0.88221153546       0.94941233004
                 1.7       0.88880479695       0.95262836314
                1.72       0.89354099528       0.95521529065
                1.74       0.89964287789       0.95798577291
                1.76       0.90560096571       0.96121306233
                1.78       0.91111138892       0.96492156967
                 1.8       0.91724676615       0.96794573343
                1.82       0.92444592232       0.97106867067
                1.84        0.9315403083        0.9746401157
                1.86       0.93938750407       0.97836210885
                1.88         0.947257805       0.98173398711
                 1.9       0.95531783773       0.98493596302
                1.92       0.96394556998       0.98812293013
                1.94         0.972888135       0.99115926228
                1.96       0.98190048645       0.99413687395
                1.98       0.99094686203       0.99707054245
