                   0                   0
      0.044431006557       0.10256410256
       0.11528800713       0.14285714286
        0.1223356268       0.16326530612
       0.22072314481       0.25714285714
       0.27916407971       0.42281879195
       0.57330581014       0.62637362637
       0.93853907145       0.72413793103
       0.99155522836       0.75590551181
          1.24189534        0.8064516129
        1.3003527156       0.84210526316
        1.3408697133       0.88888888889
        1.6746303074                0.95
        1.7129502817        0.9552238806
        1.8472239821       0.97297297297
        1.9303841404                   1
                   2                   1
