   6.9427400788e-310                   0
      0.033536075795      0.033333333333
       0.16137424289               0.175
       0.30929087896                 0.2
       0.32627487915       0.33333333333
        0.3380773203       0.42857142857
       0.35709736092                 0.5
       0.50580859941       0.58490566038
       0.73030658731       0.65714285714
        1.1766749533       0.71428571429
        1.2021658956               0.875
        1.2265313813       0.93548387097
        1.4821809128                0.95
        1.6876066769                   1
                   2                   1
