                0.02               0.035
                0.04               0.034
                0.06               0.034
                0.08               0.033
                 0.1               0.036
                0.12               0.042
                0.14               0.051
                0.16               0.055
                0.18               0.057
                 0.2               0.054
                0.22               0.051
                0.24               0.052
                0.26               0.055
                0.28               0.058
                 0.3               0.056
                0.32               0.056
                0.34               0.059
                0.36               0.062
                0.38               0.059
                 0.4               0.056
                0.42               0.056
                0.44               0.062
                0.46               0.065
                0.48               0.067
                 0.5               0.067
                0.52               0.061
                0.54               0.061
                0.56               0.064
                0.58               0.064
                 0.6               0.065
                0.62               0.064
                0.64               0.065
                0.66               0.069
                0.68               0.065
                 0.7               0.068
                0.72               0.072
                0.74               0.077
                0.76               0.073
                0.78                0.07
                 0.8               0.069
                0.82               0.066
                0.84               0.065
                0.86               0.063
                0.88               0.064
                 0.9               0.074
                0.92               0.072
                0.94               0.076
                0.96               0.072
                0.98               0.069
                   1               0.066
                1.02               0.066
                1.04               0.066
                1.06               0.069
                1.08               0.063
                 1.1               0.066
                1.12               0.063
                1.14               0.062
                1.16               0.062
                1.18               0.063
                 1.2                0.06
                1.22               0.057
                1.24               0.059
                1.26               0.061
                1.28               0.064
                 1.3               0.066
                1.32               0.062
                1.34               0.056
                1.36               0.055
                1.38               0.053
                 1.4                0.05
                1.42               0.049
                1.44               0.047
                1.46               0.045
                1.48               0.047
                 1.5               0.048
                1.52               0.045
                1.54               0.047
                1.56               0.045
                1.58               0.048
                 1.6               0.047
                1.62               0.043
                1.64               0.042
                1.66               0.043
                1.68               0.041
                 1.7                0.04
                1.72               0.044
                1.74               0.043
                1.76                0.04
                1.78                0.04
                 1.8               0.041
                1.82               0.039
                1.84               0.039
                1.86               0.041
                1.88               0.044
                 1.9               0.044
                1.92               0.043
                1.94                0.05
                1.96               0.052
                1.98               0.053
