                0.02               0.047
                0.04               0.047
                0.06               0.047
                0.08               0.045
                 0.1               0.046
                0.12               0.045
                0.14               0.044
                0.16               0.044
                0.18               0.044
                 0.2               0.045
                0.22                0.05
                0.24               0.051
                0.26               0.051
                0.28               0.051
                 0.3               0.052
                0.32                0.05
                0.34               0.051
                0.36               0.051
                0.38               0.053
                 0.4               0.054
                0.42               0.051
                0.44               0.053
                0.46               0.046
                0.48               0.045
                 0.5               0.041
                0.52               0.043
                0.54                0.04
                0.56               0.042
                0.58               0.038
                 0.6                0.04
                0.62               0.042
                0.64               0.044
                0.66               0.044
                0.68               0.043
                 0.7               0.043
                0.72               0.044
                0.74               0.048
                0.76               0.048
                0.78               0.049
                 0.8               0.051
                0.82               0.049
                0.84                0.05
                0.86               0.051
                0.88               0.049
                 0.9               0.051
                0.92               0.053
                0.94               0.055
                0.96               0.054
                0.98               0.056
                   1               0.052
                1.02               0.048
                1.04               0.046
                1.06               0.044
                1.08               0.047
                 1.1               0.047
                1.12               0.046
                1.14               0.047
                1.16               0.048
                1.18               0.047
                 1.2               0.045
                1.22               0.049
                1.24                0.05
                1.26                0.05
                1.28               0.049
                 1.3               0.044
                1.32               0.045
                1.34               0.047
                1.36               0.045
                1.38               0.044
                 1.4               0.043
                1.42               0.043
                1.44                0.04
                1.46                0.04
                1.48               0.036
                 1.5               0.035
                1.52               0.034
                1.54               0.035
                1.56               0.031
                1.58                0.03
                 1.6                0.03
                1.62               0.028
                1.64               0.027
                1.66               0.029
                1.68               0.028
                 1.7               0.025
                1.72               0.027
                1.74               0.025
                1.76               0.026
                1.78               0.026
                 1.8               0.028
                1.82               0.028
                1.84               0.029
                1.86               0.028
                1.88               0.027
                 1.9               0.027
                1.92               0.026
                1.94               0.027
                1.96               0.026
                1.98               0.027
