               0.002     0.0021455519032
               0.004     0.0042898128441
               0.006     0.0064326770079
               0.008     0.0085740406945
                0.01      0.010713801279
               0.012      0.012851856229
               0.014      0.014988102165
               0.016      0.017122433986
               0.018      0.019254744024
                0.02      0.021384921259
               0.022      0.023512850563
               0.024      0.025638412001
               0.026      0.027761480389
               0.028      0.029881936797
                0.03      0.031999697689
               0.032      0.034114719687
               0.034      0.036226995546
               0.036      0.038336550284
               0.038      0.040443440001
                0.04       0.04254775485
               0.042      0.044649617607
               0.044      0.046749180643
               0.046      0.048846623031
               0.048      0.050942147805
                0.05      0.053035979342
               0.052      0.055128360883
               0.054      0.057219552182
               0.056      0.059309827271
               0.058      0.061399472346
                0.06      0.063488783763
               0.062      0.065578066147
               0.064      0.067667630595
               0.066      0.069757792993
               0.068      0.071848872413
                0.07      0.073941189615
               0.072      0.076035065629
               0.074      0.078130820423
               0.076      0.080228771656
               0.078      0.082329233502
                0.08      0.084432515556
               0.082      0.086538921801
               0.084      0.088648749655
               0.086      0.090762289072
               0.088      0.092879821711
                0.09      0.095001620164
               0.092      0.097127947239
               0.094      0.099259055297
               0.096       0.10139518564
               0.098       0.10353656796
                 0.1        0.1056834198
               0.102       0.10783594611
               0.104        0.1099943388
               0.106       0.11215877635
               0.108       0.11432942349
                0.11       0.11650643084
               0.112       0.11868993466
               0.114        0.1208800566
               0.116       0.12307690345
               0.118       0.12528056701
                0.12       0.12749112388
               0.122       0.12970863533
               0.124       0.13193314721
               0.126       0.13416468985
               0.128       0.13640327798
                0.13       0.13864891067
               0.132       0.14090157136
               0.134       0.14316122778
               0.136       0.14542783197
               0.138       0.14770132032
                0.14        0.1499816136
               0.142       0.15226861694
               0.144          0.15456222
               0.146       0.15686229691
               0.148       0.15916870644
                0.15       0.16148129229
               0.152       0.16379988426
               0.154       0.16612429897
               0.156       0.16845434002
               0.158       0.17078979853
                0.16       0.17313045543
               0.162       0.17547608283
               0.164       0.17782644425
               0.166       0.18018129489
               0.168       0.18254038181
                0.17       0.18490344423
               0.172        0.1872702137
               0.174       0.18964041439
               0.176       0.19201376326
               0.178       0.19438997033
                0.18       0.19676873891
               0.182       0.19914976577
               0.184       0.20153274143
               0.186       0.20391735034
               0.188       0.20630327108
                0.19        0.2086901766
               0.192       0.21107773439
               0.194       0.21346560671
               0.196       0.21585345075
               0.198       0.21824091886
                 0.2       0.22062765867
               0.202       0.22301331334
               0.204       0.22539752165
               0.206       0.22777991824
               0.208       0.23016013369
                0.21       0.23253779474
               0.212       0.23491252438
               0.214       0.23728394199
               0.216       0.23965166351
               0.218        0.2420153015
                0.22        0.2443744653
               0.222        0.2467287611
               0.224       0.24907779206
               0.226       0.25142115839
               0.228       0.25375845741
                0.23       0.25608928368
               0.232         0.258413229
               0.234       0.26072988249
               0.236       0.26303883067
               0.238       0.26533965757
                0.24       0.26763194754
               0.242       0.26991528985
               0.244       0.27218927963
               0.246       0.27445351801
               0.248       0.27670761231
                0.25       0.27895117612
               0.252       0.28118382952
               0.254       0.28340519912
               0.256       0.28561491822
               0.258       0.28781262692
                0.26       0.28999797216
               0.262       0.29217060789
               0.264       0.29433019506
               0.266       0.29647640177
               0.268       0.29860890323
                0.27       0.30072738191
               0.272        0.3028315275
               0.274         0.304921037
               0.276       0.30699561469
               0.278       0.30905497216
                0.28       0.31109882834
               0.282       0.31312690945
               0.284       0.31513894903
               0.286       0.31713468787
               0.288       0.31911387519
                0.29       0.32107628471
               0.292       0.32302173303
               0.294       0.32495007941
               0.296       0.32686122335
               0.298       0.32875510222
                 0.3         0.330631689
               0.302       0.33249099002
               0.304       0.33433304288
               0.306       0.33615791434
               0.308       0.33796569834
                0.31       0.33975651408
               0.312       0.34153050417
               0.314       0.34328783279
               0.316       0.34502868399
               0.318          0.34675326
                0.32       0.34846177963
               0.322       0.35015447667
               0.324        0.3518315984
               0.326       0.35349340416
               0.328       0.35514016391
                0.33       0.35677215688
               0.332       0.35838967029
               0.334       0.35999299806
               0.336       0.36158243962
               0.338       0.36315829871
                0.34       0.36472088251
               0.342       0.36627050355
               0.344       0.36780748197
               0.346       0.36933214498
               0.348       0.37084482603
                0.35       0.37234586392
               0.352       0.37383560213
               0.354       0.37531438797
               0.356        0.3767825719
               0.358       0.37824050687
                0.36        0.3796885476
               0.362       0.38112705002
               0.364       0.38255637059
               0.366       0.38397686578
               0.368       0.38538889149
                0.37       0.38679280253
               0.372       0.38818895211
               0.374       0.38957769135
               0.376       0.39095936885
               0.378       0.39233433019
                0.38       0.39370291758
               0.382       0.39506546939
               0.384       0.39642231981
               0.386       0.39777379848
               0.388       0.39912023012
                0.39       0.40046193424
               0.392       0.40179922475
               0.394       0.40313240974
               0.396       0.40446179114
               0.398       0.40578766446
                 0.4       0.40711031853
               0.402       0.40843003527
               0.404       0.40974708942
               0.406       0.41106174835
               0.408       0.41237427181
                0.41       0.41368491177
               0.412       0.41499391219
               0.414       0.41630150887
               0.416       0.41760792924
               0.418       0.41891339223
                0.42        0.4202181081
               0.422       0.42152227868
               0.424       0.42282609868
               0.426       0.42412975607
               0.428       0.42543343201
                0.43       0.42673730097
               0.432       0.42804153138
               0.434        0.4293462858
               0.436       0.43065172091
               0.438       0.43195798749
                0.44       0.43326523036
               0.442       0.43457358834
               0.444       0.43588319426
               0.446       0.43719417489
               0.448       0.43850665097
                0.45       0.43982073714
               0.452       0.44113654195
               0.454       0.44245416785
               0.456       0.44377371117
               0.458       0.44509526211
                0.46       0.44641890474
               0.462       0.44774471699
               0.464       0.44907277063
               0.466        0.4504031313
               0.468       0.45173585846
                0.47       0.45307100544
               0.472       0.45440861939
               0.474       0.45574874133
               0.476       0.45709140609
               0.478       0.45843664235
                0.48       0.45978447263
               0.482        0.4611349133
               0.484       0.46248797456
               0.486       0.46384366042
               0.488       0.46520196876
                0.49       0.46656289126
               0.492       0.46792641347
               0.494       0.46929251472
               0.496       0.47066116818
               0.498       0.47203234083
                 0.5       0.47340599345
               0.502       0.47478208065
               0.504       0.47616055078
               0.506         0.477541346
               0.508       0.47892440225
                0.51       0.48030964919
               0.512       0.48169701025
               0.514       0.48308640257
               0.516       0.48447773699
               0.518       0.48587091807
                0.52       0.48726584399
               0.522       0.48866240663
               0.524       0.49006049144
               0.526       0.49145997749
               0.528       0.49286073742
                0.53       0.49426263741
               0.532       0.49566553713
               0.534       0.49706928974
               0.536       0.49847374184
               0.538       0.49987873342
                0.54       0.50128409785
               0.542       0.50268966214
               0.544       0.50409524929
               0.546       0.50550067999
               0.548       0.50690577271
                0.55       0.50831034378
               0.552       0.50971420737
               0.554       0.51111717556
               0.556       0.51251905828
               0.558       0.51391966342
                0.56       0.51531879678
               0.562       0.51671626208
               0.564       0.51811186103
               0.566       0.51950539325
               0.568       0.52089665635
                0.57       0.52228544588
               0.572       0.52367155535
               0.574       0.52505477623
               0.576       0.52643489792
               0.578       0.52781170777
                0.58       0.52918499105
               0.582       0.53055453093
               0.584       0.53192010849
               0.586       0.53328150267
               0.588       0.53463849028
                0.59       0.53599084593
               0.592       0.53733834206
               0.594       0.53868074886
               0.596       0.54001783429
               0.598         0.541349364
                 0.6       0.54267510131
               0.602       0.54399480718
               0.604       0.54530824018
               0.606       0.54661515641
               0.608       0.54791530958
                0.61       0.54920845321
               0.612       0.55049434473
               0.614        0.5517727495
               0.616        0.5530434471
               0.618       0.55430623222
                0.62       0.55556091416
               0.622       0.55680731625
               0.624       0.55804527541
               0.626       0.55927464159
               0.628       0.56049527733
                0.63       0.56170705728
               0.632       0.56290986775
               0.634       0.56410360628
               0.636       0.56528818121
               0.638       0.56646351128
                0.64       0.56762952521
               0.642       0.56878616136
               0.644        0.5699333673
               0.646       0.57107109952
               0.648       0.57219932299
                0.65       0.57331801093
               0.652       0.57442714439
               0.654       0.57552671197
               0.656       0.57661670955
               0.658       0.57769713991
                0.66       0.57876801276
               0.662       0.57982934611
               0.664       0.58088116725
               0.666       0.58192351238
               0.668        0.5829564262
                0.67       0.58397996147
               0.672       0.58499417862
               0.674       0.58599914537
               0.676       0.58699493635
               0.678       0.58798163274
                0.68       0.58895932191
               0.682        0.5899280971
               0.684       0.59088805707
               0.686       0.59183930582
               0.688       0.59278195224
                0.69       0.59371610983
               0.692       0.59464189645
               0.694       0.59555943399
               0.696       0.59646884813
               0.698        0.5973702681
                 0.7       0.59826382639
               0.702       0.59914965856
               0.704       0.60002790297
               0.706       0.60089870057
               0.708       0.60176219469
                0.71       0.60261853083
               0.712       0.60346785646
               0.714       0.60431032081
               0.716       0.60514607473
               0.718       0.60597527045
                0.72       0.60679806145
               0.722       0.60761460229
               0.724       0.60842504842
               0.726       0.60922955605
               0.728       0.61002828202
                0.73        0.6108213836
               0.732        0.6116090184
               0.734       0.61239134421
               0.736        0.6131685189
               0.738       0.61394070026
                0.74       0.61470804592
               0.742       0.61547071318
               0.744       0.61622885898
               0.746       0.61698263971
               0.748       0.61773221116
                0.75        0.6184777284
               0.752       0.61921934572
               0.754       0.61995721648
               0.756       0.62069149306
               0.758       0.62142232677
                0.76       0.62214986778
               0.762       0.62287426501
               0.764       0.62359566608
               0.766       0.62431421724
               0.768       0.62503006327
                0.77       0.62574334745
               0.772       0.62645421148
               0.774       0.62716279539
               0.776       0.62786923755
               0.778       0.62857367451
                0.78       0.62927624104
               0.782       0.62997707003
               0.784       0.63067629244
               0.786       0.63137403724
               0.788        0.6320704314
                0.79        0.6327655998
               0.792       0.63345966519
               0.794       0.63415274819
               0.796        0.6348449672
               0.798       0.63553643835
                 0.8       0.63622727551
               0.802       0.63691759023
               0.804       0.63760749167
               0.806        0.6382970866
               0.808       0.63898647937
                0.81       0.63967577182
               0.812       0.64036506333
               0.814       0.64105445071
               0.816       0.64174402822
               0.818       0.64243388748
                0.82       0.64312411754
               0.822       0.64381480472
               0.824       0.64450603268
               0.826       0.64519788237
               0.828       0.64589043195
                0.83       0.64658375684
               0.832       0.64727792962
               0.834       0.64797302006
               0.836       0.64866909505
               0.838        0.6493662186
                0.84       0.65006445181
               0.842       0.65076385281
               0.844        0.6514644768
               0.846       0.65216637597
               0.848       0.65286959947
                0.85       0.65357419344
               0.852       0.65428020092
               0.854       0.65498766186
               0.856       0.65569661311
               0.858       0.65640708833
                0.86       0.65711911805
               0.862       0.65783272958
               0.864       0.65854794699
               0.866       0.65926479112
               0.868       0.65998327953
                0.87       0.66070342649
               0.872       0.66142524291
               0.874       0.66214873637
               0.876       0.66287391106
               0.878       0.66360076777
                0.88       0.66432930386
               0.882       0.66505951331
               0.884        0.6657913884
               0.886       0.66652492143
               0.888       0.66726010476
                0.89       0.66799693059
               0.892       0.66873539075
               0.894       0.66947547651
               0.896       0.67021717833
               0.898       0.67096048571
                 0.9       0.67170538697
               0.902       0.67245186908
               0.904       0.67319991745
               0.906       0.67394951581
               0.908       0.67470064597
                0.91       0.67545328766
               0.912       0.67620741843
               0.914       0.67696301339
               0.916       0.67772004514
               0.918       0.67847848355
                0.92       0.67923829567
               0.922       0.67999944552
               0.924         0.680761894
               0.926       0.68152559872
               0.928       0.68229051389
                0.93       0.68305659015
               0.932       0.68382377448
               0.934       0.68459201013
               0.936       0.68536123762
               0.938       0.68613139579
                0.94       0.68690242167
               0.942       0.68767425025
               0.944       0.68844681428
               0.946        0.6892200452
               0.948       0.68999387615
                0.95       0.69076824285
               0.952       0.69154308339
               0.954       0.69231833821
               0.956       0.69309394989
               0.958        0.6938698631
                0.96       0.69464602446
               0.962       0.69542238242
               0.964        0.6961988872
               0.966       0.69697549067
               0.968       0.69775214624
                0.97       0.69852880891
               0.972       0.69930543658
               0.974       0.70008199137
               0.976       0.70085843959
               0.978       0.70163475154
                0.98       0.70241090121
               0.982       0.70318686617
               0.984       0.70396262727
               0.986       0.70473816852
               0.988       0.70551347687
                0.99       0.70628854201
               0.992       0.70706335625
               0.994       0.70783791427
               0.996       0.70861221304
               0.998        0.7093862516
                   1       0.71016003096
               1.002        0.7109335539
               1.004       0.71170682489
               1.006       0.71247984991
               1.008       0.71325263634
                1.01       0.71402519284
               1.012       0.71479752922
               1.014       0.71556965634
               1.016       0.71634158598
               1.018       0.71711333077
                1.02       0.71788490406
               1.022       0.71865631983
               1.024       0.71942759262
               1.026       0.72019873742
               1.028       0.72096976959
                1.03       0.72174070478
               1.032       0.72251155887
               1.034       0.72328234789
               1.036       0.72405308796
               1.038       0.72482379518
                1.04       0.72559448564
               1.042        0.7263651753
               1.044       0.72713587999
               1.046        0.7279066153
               1.048       0.72867739657
                1.05       0.72944823883
               1.052       0.73021915678
               1.054        0.7309901647
               1.056       0.73176127645
               1.058       0.73253250544
                1.06       0.73330386454
               1.062       0.73407536615
               1.064       0.73484702204
               1.066       0.73561884346
               1.068         0.736390841
                1.07       0.73716302464
               1.072        0.7379354037
               1.074       0.73870798682
               1.076       0.73948078195
               1.078       0.74025379633
                1.08        0.7410270365
               1.082       0.74180050824
               1.084       0.74257421659
               1.086       0.74334816584
               1.088       0.74412235954
                1.09       0.74489680043
               1.092       0.74567149051
               1.094       0.74644643099
               1.096       0.74722162229
               1.098       0.74799706406
                 1.1       0.74877275516
               1.102       0.74954869369
               1.104       0.75032487692
               1.106       0.75110130139
               1.108       0.75187796283
                1.11       0.75265485622
               1.112       0.75343197575
               1.114       0.75420931486
               1.116       0.75498686625
               1.118       0.75576462183
                1.12       0.75654257281
               1.122       0.75732070964
               1.124       0.75809902205
               1.126       0.75887749906
               1.128       0.75965612897
                1.13       0.76043489941
               1.132       0.76121379728
               1.134       0.76199280886
               1.136       0.76277191971
               1.138       0.76355111478
                1.14       0.76433037836
               1.142       0.76510969411
               1.144       0.76588904509
               1.146       0.76666841373
               1.148       0.76744778189
                1.15       0.76822713085
               1.152        0.7690064413
               1.154       0.76978569343
               1.156       0.77056486683
               1.158        0.7713439406
                1.16       0.77212289333
               1.162       0.77290170309
               1.164       0.77368034749
               1.166       0.77445880364
               1.168       0.77523704821
                1.17       0.77601505743
               1.172       0.77679280707
               1.174        0.7775702725
               1.176       0.77834742869
               1.178        0.7791242502
                1.18       0.77990071121
               1.182       0.78067678555
               1.184       0.78145244668
               1.186       0.78222766771
               1.188       0.78300242142
                1.19        0.7837766803
               1.192       0.78455041649
               1.194       0.78532360185
               1.196       0.78609620796
               1.198       0.78686820612
                 1.2       0.78763956738
               1.202        0.7884102625
               1.204       0.78918026203
               1.206       0.78994953627
               1.208       0.79071805531
                1.21       0.79148578901
               1.212       0.79225270704
               1.214       0.79301877884
               1.216        0.7937839737
               1.218       0.79454826071
                1.22       0.79531160878
               1.222       0.79607398666
               1.224       0.79683536295
               1.226       0.79759570609
               1.228       0.79835498436
                1.23       0.79911316591
               1.232       0.79987021877
               1.234        0.8006261108
               1.236       0.80138080978
               1.238       0.80213428333
                1.24       0.80288649897
               1.242       0.80363742412
               1.244       0.80438702605
               1.246       0.80513527197
               1.248       0.80588212894
                1.25       0.80662756394
               1.252       0.80737154385
               1.254       0.80811403544
               1.256       0.80885500537
               1.258       0.80959442023
                1.26       0.81033224649
               1.262       0.81106845051
               1.264       0.81180299857
               1.266       0.81253585687
               1.268       0.81326699237
                1.27        0.8139963744
               1.272       0.81472397489
               1.274        0.8154497682
               1.276       0.81617373106
               1.278       0.81689584242
                1.28       0.81761608329
               1.282       0.81833443669
               1.284        0.8190508875
               1.286       0.81976542236
               1.288       0.82047802956
                1.29       0.82118869891
               1.292       0.82189742168
               1.294       0.82260419047
               1.296       0.82330899911
               1.298       0.82401184257
                 1.3       0.82471271687
               1.302       0.82541161906
               1.304       0.82610854722
               1.306       0.82680350046
               1.308       0.82749647877
                1.31       0.82818748293
               1.312       0.82887651446
               1.314       0.82956357547
               1.316       0.83024866861
               1.318       0.83093179698
                1.32       0.83161296403
               1.322        0.8322921735
               1.324       0.83296942932
               1.326       0.83364473552
               1.328        0.8343180962
                1.33       0.83498951541
               1.332       0.83565899708
               1.334       0.83632654499
               1.336       0.83699216263
               1.338        0.8376558532
                1.34       0.83831761951
               1.342        0.8389774639
               1.344       0.83963538819
               1.346       0.84029139365
               1.348       0.84094548088
                1.35       0.84159764979
               1.352       0.84224789952
               1.354        0.8428962284
               1.356       0.84354263388
               1.358       0.84418711249
                1.36       0.84482965975
               1.362        0.8454702702
               1.364       0.84610893772
               1.366       0.84674565641
               1.368       0.84738042072
                1.37       0.84801322545
               1.372       0.84864406568
               1.374       0.84927293677
               1.376       0.84989983433
               1.378        0.8505247542
                1.38       0.85114769241
               1.382       0.85176864516
               1.384       0.85238760882
               1.386       0.85300457986
               1.388       0.85361955489
                1.39       0.85423253058
               1.392       0.85484350369
               1.394         0.855452471
               1.396       0.85605942935
               1.398       0.85666437556
                 1.4       0.85726730646
               1.402       0.85786821886
               1.404        0.8584671095
               1.406       0.85906397508
               1.408       0.85965881225
                1.41       0.86025161752
               1.412       0.86084238735
               1.414       0.86143111804
               1.416       0.86201780579
               1.418       0.86260244664
                1.42        0.8631850365
               1.422       0.86376557148
               1.424       0.86434404822
               1.426       0.86492046414
               1.428       0.86549481756
                1.43       0.86606710762
               1.432       0.86663733428
               1.434       0.86720549827
               1.436       0.86777160108
               1.438       0.86833564494
                1.44       0.86889763273
               1.442       0.86945756802
               1.444       0.87001545501
               1.446       0.87057129853
               1.448       0.87112510397
                1.45        0.8716768773
               1.452       0.87222662501
               1.454       0.87277435412
               1.456       0.87332007215
               1.458       0.87386378707
                1.46       0.87440550731
               1.462       0.87494524174
               1.464       0.87548299961
               1.466        0.8760187906
               1.468       0.87655262473
                1.47        0.8770845124
               1.472       0.87761446432
               1.474       0.87814249154
               1.476       0.87866860541
               1.478       0.87919281756
                1.48       0.87971513989
               1.482       0.88023558458
               1.484       0.88075416402
               1.486       0.88127089085
               1.488       0.88178577792
                1.49       0.88229883828
               1.492       0.88281008516
               1.494       0.88331953204
               1.496       0.88382719308
               1.498       0.88433308353
                 1.5       0.88483721964
               1.502        0.8853396187
               1.504        0.8858402989
               1.506       0.88633927934
               1.508       0.88683657997
                1.51       0.88733222154
               1.512       0.88782622556
               1.514       0.88831861424
               1.516       0.88880941047
               1.518       0.88929863779
                1.52        0.8897863203
               1.522       0.89027248266
               1.524       0.89075715007
               1.526       0.89124034817
               1.528       0.89172210307
                1.53       0.89220244126
               1.532       0.89268138963
               1.534       0.89315897539
               1.536       0.89363522605
               1.538       0.89411016942
                1.54       0.89458383352
               1.542       0.89505624661
               1.544       0.89552743713
               1.546       0.89599743365
               1.548        0.8964662649
                1.55        0.8969339597
               1.552       0.89740054693
               1.554       0.89786605553
               1.556       0.89833051447
               1.558       0.89879395269
                1.56       0.89925639914
               1.562        0.8997178827
               1.564       0.90017843218
               1.566       0.90063807631
               1.568       0.90109684368
                1.57       0.90155476276
               1.572       0.90201186188
               1.574       0.90246816915
               1.576       0.90292371253
               1.578       0.90337851974
                1.58       0.90383261826
               1.582       0.90428603533
               1.584       0.90473879793
               1.586       0.90519093274
               1.588       0.90564246614
                1.59       0.90609342418
               1.592        0.9065438326
               1.594       0.90699371677
               1.596       0.90744310169
               1.598       0.90789201198
                 1.6       0.90834047189
               1.602       0.90878850523
               1.604       0.90923613539
               1.606       0.90968338533
               1.608       0.91013027756
                1.61       0.91057683412
               1.612       0.91102307659
               1.614       0.91146902603
               1.616       0.91191470302
               1.618       0.91236012771
                1.62       0.91280532027
               1.622       0.91325030113
               1.624       0.91369509097
               1.626       0.91413971063
               1.628       0.91458418114
                1.63       0.91502852359
               1.632       0.91547275916
               1.634       0.91591690906
               1.636       0.91636099447
               1.638       0.91680503652
                1.64       0.91724905625
               1.642       0.91769307459
               1.644       0.91813711229
               1.646        0.9185811899
               1.648       0.91902532775
                1.65        0.9194695459
               1.652       0.91991386412
               1.654       0.92035830185
               1.656       0.92080287816
               1.658       0.92124761174
                1.66       0.92169252087
               1.662       0.92213762334
               1.664       0.92258293652
               1.666       0.92302847724
               1.668       0.92347426179
                1.67       0.92392030594
               1.672       0.92436662483
               1.674       0.92481323304
               1.676       0.92526014447
               1.678       0.92570737238
                1.68       0.92615492936
               1.682       0.92660282727
               1.684       0.92705107727
               1.686       0.92749968975
               1.688       0.92794867433
                1.69       0.92839803985
               1.692       0.92884779438
               1.694       0.92929794552
               1.696        0.9297485005
               1.698       0.93019946615
                 1.7       0.93065084885
               1.702       0.93110265452
               1.704       0.93155488857
               1.706       0.93200755585
               1.708       0.93246066063
                1.71       0.93291420661
               1.712        0.9333681972
               1.714       0.93382263563
               1.716       0.93427752497
               1.718       0.93473286809
                1.72       0.93518866763
               1.722         0.935644926
               1.724       0.93610164531
               1.726       0.93655882741
               1.728       0.93701647381
                1.73       0.93747458568
               1.732       0.93793316387
               1.734        0.9383922088
               1.736       0.93885172054
               1.738       0.93931169871
                1.74       0.93977214251
               1.742       0.94023305068
               1.744       0.94069442151
               1.746       0.94115625277
               1.748       0.94161854175
                1.75       0.94208128521
               1.752       0.94254447937
               1.754       0.94300811992
               1.756       0.94347220195
               1.758          0.94393672
                1.76         0.944401668
               1.762       0.94486703927
               1.764       0.94533282651
               1.766        0.9457990218
               1.768       0.94626561656
                1.77       0.94673260155
               1.772       0.94719996686
               1.774        0.9476677019
               1.776       0.94813579541
               1.778       0.94860423553
                1.78       0.94907301001
               1.782       0.94954210624
               1.784       0.95001151123
               1.786        0.9504812116
               1.788        0.9509511936
                1.79       0.95142144306
               1.792       0.95189194545
               1.794        0.9523626858
               1.796       0.95283364876
               1.798       0.95330481855
                 1.8       0.95377617898
               1.802       0.95424771346
               1.804       0.95471940496
               1.806       0.95519123601
               1.808       0.95566318875
                1.81       0.95613524485
               1.812        0.9566073856
               1.814       0.95707959197
               1.816       0.95755184459
               1.818       0.95802412381
                1.82       0.95849640961
               1.822       0.95896868166
               1.824       0.95944091939
               1.826       0.95991310227
               1.828       0.96038520985
                1.83       0.96085722176
               1.832       0.96132911771
               1.834       0.96180087751
               1.836       0.96227248103
               1.838       0.96274390825
                1.84       0.96321513919
               1.842         0.963686154
               1.844       0.96415693288
               1.846       0.96462745652
               1.848       0.96509770698
                1.85        0.9655676678
               1.852       0.96603732397
               1.854       0.96650666189
               1.856       0.96697566931
               1.858       0.96744433525
                1.86       0.96791265001
               1.862       0.96838060505
               1.864       0.96884819301
               1.866       0.96931540762
               1.868       0.96978224365
                1.87       0.97024869691
               1.872       0.97071476416
               1.874       0.97118044311
               1.876       0.97164573233
               1.878       0.97211063127
                1.88       0.97257514016
               1.882       0.97303926001
               1.884       0.97350299259
               1.886       0.97396634033
               1.888       0.97442930635
                1.89        0.9748918944
               1.892       0.97535410882
               1.894       0.97581595452
               1.896       0.97627743695
               1.898       0.97673856206
                 1.9       0.97719933629
               1.902       0.97765976649
               1.904       0.97811985998
               1.906       0.97857962444
               1.908       0.97903906792
                1.91       0.97949819883
               1.912       0.97995702586
               1.914       0.98041555804
               1.916       0.98087380464
               1.918       0.98133177517
                1.92        0.9817894794
               1.922       0.98224692726
               1.924       0.98270412889
               1.926        0.9831610946
               1.928       0.98361783483
                1.93       0.98407436014
               1.932       0.98453068121
               1.934       0.98498680881
               1.936       0.98544275378
               1.938         0.985898527
                1.94       0.98635413943
               1.942       0.98680960201
               1.944       0.98726492572
               1.946       0.98772012154
               1.948        0.9881752004
                1.95       0.98863017322
               1.952       0.98908505089
               1.954       0.98953984422
               1.956       0.98999456396
               1.958       0.99044922078
                1.96       0.99090382526
               1.962       0.99135838788
               1.964       0.99181291899
               1.966       0.99226742885
               1.968       0.99272192756
                1.97       0.99317642509
               1.972       0.99363093126
               1.974       0.99408545573
               1.976       0.99454000799
               1.978       0.99499459737
                1.98         0.995449233
               1.982       0.99590392384
               1.984       0.99635867862
               1.986       0.99681350592
               1.988       0.99726841405
                1.99       0.99772341116
               1.992       0.99817850515
               1.994        0.9986337037
               1.996       0.99908901426
               1.998       0.99954444403
                   2                   1
