               0.002     0.0018181717401
               0.004     0.0036363931206
               0.006     0.0054547137546
               0.008     0.0072731832005
                0.01     0.0090918509351
               0.012      0.010910766326
               0.014      0.012729978604
               0.016      0.014549536835
               0.018      0.016369489897
                0.02      0.018189886446
               0.022      0.020010774893
               0.024      0.021832203376
               0.026      0.023654219729
               0.028      0.025476871461
                0.03       0.02730020572
               0.032      0.029124269275
               0.034      0.030949108476
               0.036      0.032774769239
               0.038      0.034601297008
                0.04      0.036428736732
               0.042      0.038257132835
               0.044      0.040086529187
               0.046      0.041916969078
               0.048      0.043748495189
                0.05      0.045581149559
               0.052      0.047414973562
               0.054      0.049250007877
               0.056      0.051086292453
               0.058      0.052923866489
                0.06      0.054762768396
               0.062      0.056603035775
               0.064      0.058444705382
               0.066      0.060287813099
               0.068      0.062132393905
                0.07      0.063978481848
               0.072      0.065826110011
               0.074      0.067675310573
               0.076      0.069526115165
               0.078      0.071378555018
                0.08      0.073232660951
               0.082      0.075088463353
               0.084      0.076945992165
               0.086      0.078805276865
               0.088      0.080666346443
                0.09      0.082529229392
               0.092      0.084393953682
               0.094      0.086260546747
               0.096      0.088129035463
               0.098      0.089999446131
                 0.1      0.091871804459
               0.102       0.09374613554
               0.104      0.095622463839
               0.106      0.097500813165
               0.108      0.099381206661
                0.11       0.10126366678
               0.112       0.10314821526
               0.114       0.10503487311
               0.116       0.10692366059
               0.118       0.10881459721
                0.12       0.11070770166
               0.122       0.11260299183
               0.124       0.11450048478
               0.126       0.11640019672
               0.128       0.11830214299
                0.13       0.12020633802
               0.132       0.12211279532
               0.134       0.12402152749
               0.136       0.12593254615
               0.138       0.12784586193
                0.14       0.12976148446
               0.142       0.13167942235
               0.144       0.13359968314
               0.146       0.13552227331
               0.148       0.13744719824
                0.15       0.13937446217
               0.152       0.14130406822
               0.154       0.14323601832
               0.156       0.14517031329
               0.158       0.14710695313
                0.16       0.14904593711
               0.162       0.15098726377
               0.164       0.15293093085
               0.166       0.15487693525
               0.168       0.15682527303
                0.17       0.15877593934
               0.172       0.16072892839
               0.174        0.1626842334
               0.176       0.16464184659
               0.178       0.16660175912
                0.18       0.16856396106
               0.182       0.17052844135
               0.184       0.17249518775
               0.186       0.17446418681
               0.188       0.17643542384
                0.19       0.17840888283
               0.192       0.18038454648
               0.194       0.18236239608
               0.196       0.18434241153
               0.198       0.18632457127
                 0.2       0.18830885222
               0.202       0.19029522979
               0.204       0.19228367781
               0.206       0.19427416847
               0.208       0.19626667229
                0.21       0.19826115809
               0.212       0.20025759295
               0.214       0.20225594213
               0.216       0.20425616905
               0.218       0.20625823526
                0.22       0.20826210037
               0.222       0.21026772203
               0.224       0.21227505615
               0.226        0.2142840571
               0.228        0.2162946777
                0.23       0.21830686919
               0.232       0.22032058118
               0.234       0.22233576162
               0.236       0.22435235677
               0.238       0.22637031115
                0.24       0.22838956754
               0.242       0.23041006702
               0.244       0.23243174945
               0.246       0.23445455352
               0.248       0.23647841678
                0.25       0.23850327559
               0.252       0.24052906511
               0.254       0.24255571952
               0.256       0.24458317264
               0.258         0.246611358
                0.26       0.24864020894
               0.262       0.25066965854
               0.264       0.25269963965
               0.266       0.25473008486
               0.268       0.25676092651
                0.27       0.25879209671
               0.272       0.26082352742
               0.274       0.26285515053
               0.276       0.26488689787
               0.278       0.26691870119
                0.28       0.26895049219
               0.282       0.27098220251
               0.284       0.27301376371
               0.286       0.27504510731
               0.288       0.27707616474
                0.29       0.27910686739
               0.292       0.28113714659
               0.294       0.28316693358
               0.296       0.28519615957
               0.298       0.28722475569
                 0.3       0.28925265301
               0.302       0.29127978253
               0.304        0.2933060752
               0.306       0.29533146189
               0.308       0.29735587342
                0.31       0.29937924053
               0.312        0.3014014939
               0.314       0.30342256415
               0.316        0.3054423818
               0.318       0.30746087734
                0.32       0.30947798116
               0.322       0.31149362359
               0.324       0.31350773487
               0.326       0.31552024517
               0.328       0.31753108459
                0.33       0.31954018313
               0.332       0.32154747072
               0.334        0.3235528772
               0.336       0.32555633231
               0.338       0.32755776572
                0.34       0.32955710698
               0.342       0.33155428555
               0.344       0.33354923079
               0.346       0.33554187197
               0.348       0.33753213822
                0.35       0.33951995858
               0.352       0.34150526196
               0.354       0.34348797716
               0.356       0.34546803284
               0.358       0.34744535753
                0.36       0.34941987964
               0.362       0.35139152742
               0.364       0.35336022899
               0.366        0.3553259123
               0.368       0.35728850516
                0.37       0.35924793519
               0.372       0.36120412987
               0.374       0.36315701648
               0.376       0.36510652213
               0.378       0.36705257373
                0.38       0.36899509799
               0.382       0.37093402142
               0.384       0.37286927032
               0.386       0.37480077075
               0.388       0.37672844856
                0.39       0.37865222934
               0.392       0.38057203847
               0.394       0.38248780102
               0.396       0.38439944183
               0.398       0.38630688545
                 0.4       0.38821005615
               0.402       0.39010887791
               0.404       0.39200327437
               0.406       0.39389316889
               0.408       0.39577848448
                0.41       0.39765914381
               0.412       0.39953506921
               0.414       0.40140618261
               0.416       0.40327240561
               0.418       0.40513365946
                0.42       0.40698986567
               0.422       0.40884094639
               0.424       0.41068682449
               0.426       0.41252742352
               0.428       0.41436266773
                0.43       0.41619248209
               0.432       0.41801679231
               0.434       0.41983552482
               0.436       0.42164860677
               0.438       0.42345596609
                0.44       0.42525753144
               0.442       0.42705323226
               0.444       0.42884299873
               0.446       0.43062676185
               0.448       0.43240445336
                0.45       0.43417600581
               0.452       0.43594135255
               0.454       0.43770042772
               0.456       0.43945316626
               0.458       0.44119950395
                0.46       0.44293937737
               0.462       0.44467272392
               0.464       0.44639948185
               0.466       0.44811959022
               0.468       0.44983298896
                0.47       0.45153961882
               0.472       0.45323942139
               0.474       0.45493233915
               0.476       0.45661831539
               0.478        0.4582972943
                0.48       0.45996922091
               0.482       0.46163404113
               0.484       0.46329170172
               0.486       0.46494215033
               0.488       0.46658533547
                0.49       0.46822120655
               0.492       0.46984971384
               0.494       0.47147080848
               0.496       0.47308444252
               0.498       0.47469056887
                 0.5       0.47628914133
               0.502       0.47788011459
               0.504       0.47946344421
               0.506       0.48103908665
               0.508       0.48260699925
                0.51       0.48416714023
               0.512       0.48571946869
               0.514       0.48726394461
               0.516       0.48880052887
               0.518        0.4903291832
                0.52       0.49184987023
               0.522       0.49336255345
               0.524       0.49486719722
               0.526       0.49636376679
               0.528       0.49785222825
                0.53       0.49933254856
               0.532       0.50080469554
               0.534       0.50226863787
               0.536       0.50372434507
               0.538        0.5051717875
                0.54       0.50661093637
               0.542       0.50804176371
               0.544       0.50946424241
               0.546       0.51087834615
               0.548       0.51228404964
                0.55       0.51368132864
               0.552       0.51507015996
               0.554       0.51645052148
               0.556       0.51782239215
               0.558       0.51918575197
                0.56       0.52054058199
               0.562       0.52188686431
               0.564       0.52322458209
               0.566       0.52455371951
               0.568       0.52587426182
                0.57       0.52718619526
               0.572       0.52848950713
               0.574       0.52978418576
               0.576       0.53107022045
               0.578       0.53234760156
                0.58       0.53361632043
               0.582       0.53487636939
               0.584       0.53612774178
               0.586       0.53737043191
               0.588       0.53860443505
                0.59       0.53982974747
               0.592       0.54104636636
               0.594       0.54225428987
               0.596        0.5434535171
               0.598       0.54464404807
                 0.6       0.54582588371
               0.602        0.5469990259
               0.604       0.54816347769
               0.606       0.54931924343
               0.608       0.55046632874
                0.61       0.55160474052
               0.612       0.55273448691
               0.614       0.55385557736
               0.616       0.55496802274
               0.618       0.55607183534
                0.62        0.5571670289
               0.622       0.55825361854
               0.624       0.55933162078
               0.626       0.56040105352
               0.628        0.5614619362
                0.63       0.56251429054
               0.632       0.56355814076
               0.634       0.56459351349
               0.636       0.56562043781
               0.638       0.56663894513
                0.64       0.56764906918
               0.642       0.56865084595
               0.644       0.56964431368
               0.646       0.57062951275
               0.648       0.57160648572
                0.65        0.5725752772
               0.652       0.57353593392
               0.654        0.5744885049
               0.656       0.57543304155
               0.658       0.57636959764
                0.66       0.57729822922
               0.662       0.57821899455
               0.664       0.57913195411
               0.666       0.58003717047
               0.668       0.58093470827
                0.67       0.58182463418
               0.672        0.5827070168
               0.674       0.58358192665
               0.676       0.58444943608
               0.678       0.58530961922
                0.68       0.58616255196
               0.682       0.58700831183
               0.684         0.587846978
               0.686        0.5886786312
               0.688       0.58950335365
                0.69       0.59032122904
               0.692       0.59113234244
               0.694       0.59193678026
               0.696       0.59273463017
               0.698       0.59352598108
                 0.7       0.59431092306
               0.702       0.59508954728
               0.704       0.59586194595
               0.706       0.59662821229
               0.708       0.59738844042
                0.71       0.59814272536
               0.712       0.59889116294
               0.714       0.59963384974
               0.716       0.60037088303
               0.718       0.60110236073
                0.72       0.60182838134
               0.722       0.60254904387
               0.724       0.60326444779
               0.726       0.60397469297
               0.728       0.60467987963
                0.73       0.60538010827
               0.732       0.60607547958
               0.734       0.60676609445
               0.736       0.60745205384
               0.738       0.60813345875
                0.74       0.60881041018
               0.742       0.60948300942
               0.744       0.61015135859
               0.746       0.61081556073
               0.748       0.61147571974
                0.75       0.61213194033
               0.752         0.612784328
               0.754       0.61343298901
               0.756       0.61407803029
               0.758       0.61471955945
                0.76       0.61535768474
               0.762       0.61599251497
               0.764        0.6166241595
               0.766       0.61725272819
               0.768       0.61787833138
                0.77        0.6185010798
               0.772        0.6191210846
               0.774       0.61973845723
               0.776       0.62035330947
               0.778       0.62096575335
                0.78       0.62157590111
               0.782       0.62218386518
               0.784       0.62278975811
               0.786       0.62339369255
               0.788       0.62399578121
                0.79        0.6245961368
               0.792         0.625194872
               0.794       0.62579209943
               0.796       0.62638793158
               0.798       0.62698248078
                 0.8       0.62757585917
               0.802       0.62816817865
               0.804       0.62875955082
               0.806       0.62935008697
               0.808       0.62993989799
                0.81       0.63052909439
               0.812       0.63111778621
               0.814       0.63170608296
               0.816       0.63229409366
               0.818       0.63288192669
                0.82       0.63346968982
               0.822       0.63405749014
               0.824       0.63464543401
               0.826       0.63523362704
               0.828       0.63582217402
                0.83       0.63641117886
               0.832        0.6370007446
               0.834       0.63759097332
               0.836        0.6381819661
               0.838       0.63877382299
                0.84       0.63936664294
               0.842       0.63996052379
               0.844       0.64055556218
               0.846       0.64115185354
               0.848         0.641749492
                0.85       0.64234857041
               0.852       0.64294918021
               0.854       0.64355141145
               0.856        0.6441553527
               0.858       0.64476109104
                0.86       0.64536871197
               0.862       0.64597829937
               0.864       0.64658993549
               0.866       0.64720370084
               0.868        0.6478196742
                0.87       0.64843793251
               0.872       0.64905855088
               0.874        0.6496816025
               0.876       0.65030715858
               0.878       0.65093528835
                0.88       0.65156605896
               0.882       0.65219953543
               0.884       0.65283578065
               0.886       0.65347485526
               0.888       0.65411681764
                0.89       0.65476172392
               0.892       0.65540962802
               0.894       0.65606058164
               0.896       0.65671463417
               0.898       0.65737183269
                 0.9       0.65803222188
               0.902       0.65869584398
               0.904       0.65936273875
               0.906       0.66003294353
               0.908       0.66070649382
                0.91       0.66138342357
               0.912       0.66206376523
               0.914       0.66274754964
               0.916        0.6634348061
               0.918       0.66412556234
                0.92       0.66481984504
               0.922       0.66551767986
               0.924       0.66621909154
               0.926       0.66692410378
               0.928        0.6676327393
                0.93       0.66834501978
               0.932       0.66906096583
               0.934       0.66978059702
               0.936       0.67050393183
               0.938       0.67123098788
                0.94       0.67196178217
               0.942       0.67269633114
               0.944       0.67343465062
               0.946       0.67417675585
               0.948       0.67492266146
                0.95       0.67567238148
               0.952       0.67642592932
               0.954       0.67718331774
               0.956       0.67794455889
               0.958       0.67870966427
                0.96       0.67947864473
               0.962       0.68025151047
               0.964       0.68102827102
               0.966       0.68180893526
               0.968       0.68259351136
                0.97       0.68338200684
               0.972       0.68417442852
               0.974       0.68497078252
               0.976       0.68577107425
               0.978       0.68657530843
                0.98       0.68738348904
               0.982       0.68819561937
               0.984       0.68901170194
               0.986       0.68983173857
               0.988       0.69065573031
                0.99       0.69148367748
               0.992       0.69231557964
               0.994       0.69315143558
               0.996       0.69399124333
               0.998       0.69483500014
                   1       0.69568270248
               1.002       0.69653434604
               1.004       0.69738992571
               1.006       0.69824943556
               1.008        0.6991128689
                1.01       0.69998021818
               1.012       0.70085147505
               1.014       0.70172663033
               1.016       0.70260567402
               1.018       0.70348859526
                1.02       0.70437538236
               1.022       0.70526602278
               1.024        0.7061605031
               1.026       0.70705880907
               1.028       0.70796092552
                1.03       0.70886683646
               1.032       0.70977652496
               1.034       0.71068997325
               1.036       0.71160716261
               1.038       0.71252807347
                1.04       0.71345268531
               1.042        0.7143809767
               1.044       0.71531292529
               1.046        0.7162485078
               1.048       0.71718770002
                1.05       0.71813047678
               1.052       0.71907681197
               1.054        0.7200266785
               1.056       0.72098004834
               1.058       0.72193689248
                1.06       0.72289718092
               1.062       0.72386088268
               1.064        0.7248279658
               1.066       0.72579839729
               1.068       0.72677214317
                1.07       0.72774916844
               1.072       0.72872943708
               1.074       0.72971291203
               1.076        0.7306995552
               1.078       0.73168932745
                1.08       0.73268218858
               1.082       0.73367809734
               1.084        0.7346770114
               1.086       0.73567888751
               1.088       0.73668368187
                1.09       0.73769135024
               1.092       0.73870184798
               1.094       0.73971512999
               1.096        0.7407311508
               1.098        0.7417498645
                 1.1        0.7427712248
               1.102       0.74379518498
               1.104       0.74482169798
               1.106       0.74585071629
               1.108       0.74688219207
                1.11       0.74791607709
               1.112       0.74895232275
               1.114        0.7499908802
               1.116       0.75103170058
               1.118       0.75207473504
                1.12       0.75311993474
               1.122       0.75416725085
               1.124       0.75521663453
               1.126       0.75626803696
               1.128       0.75732140933
                1.13        0.7583767028
               1.132       0.75943386856
               1.134       0.76049285778
               1.136       0.76155362163
               1.138       0.76261611128
                1.14       0.76368027788
               1.142       0.76474607258
               1.144       0.76581344652
               1.146       0.76688235082
               1.148        0.7679527366
                1.15       0.76902455495
               1.152       0.77009775696
               1.154       0.77117229369
               1.156       0.77224811619
               1.158       0.77332517549
                1.16       0.77440342261
               1.162       0.77548280851
               1.164       0.77656328419
               1.166       0.77764480056
               1.168       0.77872730857
                1.17       0.77981075909
               1.172         0.780895103
               1.174       0.78198029114
               1.176       0.78306627433
               1.178       0.78415300334
                1.18       0.78524042893
               1.182       0.78632850184
               1.184       0.78741717275
               1.186       0.78850639234
               1.188       0.78959611122
                1.19          0.79068628
               1.192       0.79177684923
               1.194       0.79286776946
               1.196       0.79395899116
               1.198        0.7950504648
                 1.2        0.7961421408
               1.202       0.79723396953
               1.204       0.79832590133
               1.206       0.79941788651
               1.208       0.80050987532
                1.21       0.80160181799
               1.212       0.80269366469
               1.214       0.80378536556
               1.216       0.80487687067
               1.218       0.80596813009
                1.22       0.80705909379
               1.222       0.80814971174
               1.224       0.80923993383
               1.226       0.81032970992
               1.228       0.81141898981
                1.23       0.81250772324
               1.232       0.81359585992
               1.234       0.81468334949
               1.236       0.81577014154
               1.238        0.8168561856
                1.24       0.81794143114
               1.242       0.81902582757
               1.244       0.82010932426
               1.246        0.8211918705
               1.248       0.82227341551
                1.25       0.82335390846
               1.252       0.82443329844
               1.254       0.82551153448
               1.256       0.82658856554
               1.258       0.82766434051
                1.26       0.82873880819
               1.262       0.82981191732
               1.264       0.83088361657
               1.266        0.8319538545
               1.268       0.83302257962
                1.27       0.83408974033
               1.272       0.83515528495
               1.274       0.83621916173
               1.276        0.8372813188
               1.278       0.83834170422
                1.28       0.83940026593
               1.282       0.84045695179
               1.284       0.84151170955
               1.286       0.84256448685
               1.288       0.84361523123
                1.29       0.84466389011
               1.292        0.8457104108
               1.294        0.8467547405
               1.296       0.84779682628
               1.298       0.84883661508
                 1.3       0.84987405372
               1.302       0.85090908889
               1.304       0.85194166713
               1.306       0.85297173486
               1.308       0.85399923834
                1.31       0.85502412376
               1.312       0.85604633753
               1.314       0.85706582648
               1.316       0.85808253783
               1.318       0.85909641924
                1.32       0.86010741878
               1.322       0.86111548496
               1.324       0.86212056674
               1.326       0.86312261351
               1.328       0.86412157513
                1.33       0.86511740191
               1.332       0.86611004464
               1.334       0.86709945457
               1.336       0.86808558345
               1.338        0.8690683835
                1.34       0.87004780744
               1.342       0.87102380851
               1.344       0.87199634043
               1.346       0.87296535746
               1.348       0.87393081436
                1.35       0.87489266644
               1.352       0.87585086953
               1.354       0.87680537999
               1.356       0.87775615477
               1.358       0.87870315131
                1.36       0.87964632767
               1.362       0.88058564245
               1.364        0.8815210548
               1.366       0.88245252449
               1.368       0.88338001185
                1.37        0.8843034778
               1.372       0.88522288386
               1.374       0.88613819215
               1.376       0.88704936539
               1.378       0.88795636694
                1.38       0.88885916073
               1.382       0.88975771137
               1.384       0.89065198406
               1.386       0.89154194464
               1.388        0.8924275596
                1.39       0.89330879607
               1.392       0.89418562184
               1.394       0.89505800532
               1.396       0.89592591564
               1.398       0.89678932253
                 1.4       0.89764819643
               1.402       0.89850250845
               1.404       0.89935223037
               1.406       0.90019733465
               1.408       0.90103779444
                1.41        0.9018735836
               1.412       0.90270467665
               1.414       0.90353104885
               1.416       0.90435267614
               1.418       0.90516953517
                1.42        0.9059816033
               1.422       0.90678885862
               1.424       0.90759127993
               1.426       0.90838884674
               1.428       0.90918153931
                1.43        0.9099693386
               1.432       0.91075222634
               1.434       0.91153018495
               1.436       0.91230319764
               1.438        0.9130712483
                1.44       0.91383432162
               1.442         0.914592403
               1.444        0.9153454786
               1.446       0.91609353533
               1.448       0.91683656086
                1.45       0.91757454359
               1.452       0.91830747272
               1.454       0.91903533815
               1.456        0.9197581306
               1.458       0.92047584151
                1.46        0.9211884631
               1.462       0.92189598834
               1.464       0.92259841099
               1.466       0.92329572555
               1.468        0.9239879273
                1.47       0.92467501228
               1.472       0.92535697731
               1.474       0.92603381996
               1.476       0.92670553859
               1.478       0.92737213231
                1.48       0.92803360101
               1.482       0.92868994534
               1.484       0.92934116671
               1.486       0.92998726732
               1.488       0.93062825012
                1.49       0.93126411883
               1.492       0.93189487793
               1.494       0.93252053266
               1.496       0.93314108904
               1.498       0.93375655382
                 1.5       0.93436693453
               1.502       0.93497223946
               1.504       0.93557247764
               1.506       0.93616765885
               1.508       0.93675779363
                1.51       0.93734289327
               1.512       0.93792296979
               1.514       0.93849803596
               1.516       0.93906810528
               1.518         0.939633192
                1.52       0.94019331109
               1.522       0.94074847824
               1.524       0.94129870989
               1.526       0.94184402316
               1.528       0.94238443591
                1.53       0.94291996672
               1.532       0.94345063486
               1.534       0.94397646029
               1.536       0.94449746369
               1.538       0.94501366642
                1.54       0.94552509052
               1.542       0.94603175872
               1.544       0.94653369441
               1.546       0.94703092166
               1.548        0.9475234652
                1.55       0.94801135041
               1.552       0.94849460332
               1.554       0.94897325059
               1.556       0.94944731953
               1.558       0.94991683808
                1.56       0.95038183478
               1.562       0.95084233878
               1.564       0.95129837986
               1.566       0.95174998838
               1.568       0.95219719527
                1.57       0.95264003205
               1.572       0.95307853083
               1.574       0.95351272425
               1.576        0.9539426455
               1.578       0.95436832834
                1.58       0.95478980702
               1.582       0.95520711635
               1.584       0.95562029163
               1.586       0.95602936865
               1.588       0.95643438371
                1.59       0.95683537357
               1.592       0.95723237548
               1.594       0.95762542711
               1.596       0.95801456661
               1.598       0.95839983253
                 1.6       0.95878126387
               1.602           0.9591589
               1.604       0.95953278071
               1.606       0.95990294617
               1.608        0.9602694369
                1.61       0.96063229379
               1.612       0.96099155806
               1.614       0.96134727127
               1.616       0.96169947525
               1.618       0.96204821219
                1.62       0.96239352451
               1.622       0.96273545492
               1.624       0.96307404638
               1.626       0.96340934208
               1.628       0.96374138542
                1.63       0.96407022003
               1.632        0.9643958897
               1.634       0.96471843841
               1.636       0.96503791028
               1.638       0.96535434956
                1.64       0.96566780065
               1.642       0.96597830801
               1.644        0.9662859162
               1.646       0.96659066984
               1.648       0.96689261361
                1.65       0.96719179219
               1.652       0.96748825028
               1.654       0.96778203257
               1.656       0.96807318371
               1.658       0.96836174828
                1.66       0.96864777082
               1.662       0.96893129575
               1.664       0.96921236738
               1.666       0.96949102989
               1.668       0.96976732728
                1.67       0.97004130338
               1.672       0.97031300183
               1.674       0.97058246601
               1.676       0.97084973909
               1.678       0.97111486393
                1.68       0.97137788311
               1.682        0.9716388389
               1.684       0.97189777319
               1.686       0.97215472755
               1.688       0.97240974311
                1.69        0.9726628606
               1.692        0.9729141203
               1.694       0.97316356203
               1.696        0.9734112251
               1.698        0.9736571483
                 1.7       0.97390136986
               1.702       0.97414392745
               1.704       0.97438485811
               1.706       0.97462419827
               1.708       0.97486198369
                1.71       0.97509824943
               1.712       0.97533302983
               1.714       0.97556635851
               1.716       0.97579826827
               1.718       0.97602879113
                1.72       0.97625795827
               1.722       0.97648579998
               1.724       0.97671234567
               1.726       0.97693762381
               1.728       0.97716166191
                1.73       0.97738448649
               1.732       0.97760612302
               1.734       0.97782659594
               1.736       0.97804592857
               1.738       0.97826414317
                1.74       0.97848126109
               1.742       0.97869730288
               1.744       0.97891228819
               1.746       0.97912623576
               1.748       0.97933916341
                1.75       0.97955108791
               1.752       0.97976202503
               1.754       0.97997198943
               1.756       0.98018099467
               1.758       0.98038905342
                1.76       0.98059617752
               1.762       0.98080237802
               1.764       0.98100766512
               1.766       0.98121204814
               1.768       0.98141553547
                1.77       0.98161813454
               1.772       0.98181985178
               1.774       0.98202069261
               1.776       0.98222066135
               1.778       0.98241976123
                1.78       0.98261799433
               1.782       0.98281536171
               1.784       0.98301186414
               1.786       0.98320750234
               1.788       0.98340227703
                1.79       0.98359618889
               1.792       0.98378923852
               1.794        0.9839814265
               1.796       0.98417275329
               1.798       0.98436321929
                 1.8       0.98455282476
               1.802       0.98474156987
               1.804       0.98492945464
               1.806       0.98511647898
               1.808       0.98530264294
                1.81       0.98548794684
               1.812       0.98567239131
               1.814       0.98585597725
               1.816       0.98603870583
               1.818       0.98622057853
                1.82       0.98640159706
               1.822       0.98658176343
               1.824       0.98676107991
               1.826       0.98693954902
               1.828       0.98711717353
                1.83       0.98729395648
               1.832       0.98746990113
               1.834       0.98764501103
               1.836       0.98781928991
               1.838       0.98799274178
                1.84       0.98816537087
               1.842       0.98833718163
               1.844       0.98850817874
               1.846       0.98867836709
               1.848       0.98884775179
                1.85       0.98901633819
               1.852        0.9891841318
               1.854       0.98935113837
               1.856       0.98951736383
               1.858       0.98968281433
                1.86       0.98984749619
               1.862       0.99001141593
               1.864       0.99017458027
               1.866       0.99033699608
               1.868       0.99049867043
                1.87       0.99065961057
               1.872       0.99081982392
               1.874       0.99097931805
               1.876       0.99113810071
               1.878        0.9912961798
                1.88       0.99145356341
               1.882       0.99161025973
               1.884       0.99176627715
               1.886       0.99192162418
               1.888       0.99207630948
                1.89       0.99223034186
               1.892       0.99238373025
               1.894       0.99253648372
               1.896       0.99268861147
               1.898       0.99284012284
                 1.9       0.99299102726
               1.902       0.99314133433
               1.904       0.99329105371
               1.906       0.99344019522
               1.908       0.99358876876
                1.91       0.99373678436
               1.912       0.99388425212
               1.914       0.99403118228
               1.916       0.99417758514
               1.918       0.99432347112
                1.92       0.99446885072
               1.922       0.99461373453
               1.924       0.99475813321
               1.926       0.99490205752
               1.928       0.99504551828
                1.93        0.9951885264
               1.932       0.99533109284
               1.934       0.99547322864
               1.936       0.99561494491
               1.938       0.99575625281
                1.94       0.99589716355
               1.942       0.99603768841
               1.944       0.99617783875
               1.946       0.99631762606
               1.948       0.99645706198
                1.95       0.99659615831
               1.952       0.99673492696
               1.954       0.99687338001
               1.956       0.99701152965
               1.958       0.99714938819
                1.96       0.99728696805
               1.962       0.99742428179
               1.964       0.99756134206
               1.966        0.9976981616
               1.968       0.99783475326
                1.97       0.99797112998
               1.972       0.99810730479
               1.974       0.99824329077
               1.976       0.99837910112
               1.978       0.99851474908
                1.98       0.99865024795
               1.982       0.99878561111
               1.984       0.99892085197
               1.986       0.99905598401
               1.988       0.99919102073
                1.99       0.99932597568
               1.992       0.99946086244
               1.994       0.99959569462
               1.996       0.99973048584
               1.998       0.99986524975
                   2                   1
