                0.02      0.018868631355      0.031051591648
                0.04      0.037218982933      0.061491193553
                0.06      0.055139945226      0.091253728757
                0.08      0.072716714878        0.1200751815
                 0.1      0.089929383279       0.14825821193
                0.12       0.10691757214       0.17568362183
                0.14       0.12411911535       0.20212110362
                0.16       0.14090757347       0.22812162271
                0.18       0.15781245974        0.2532047592
                 0.2       0.17475238516       0.27745215791
                0.22       0.19158034278        0.3009160061
                0.24       0.20854059904        0.3234975847
                0.26       0.22548722094       0.34547328378
                0.28       0.24279503752        0.3667309882
                 0.3       0.25881945039       0.38735973347
                0.32       0.27603792218       0.40718351342
                0.34       0.29209122941       0.42624998936
                0.36       0.31082220195       0.44581626704
                0.38       0.32714058419       0.46618733556
                 0.4       0.34381446871       0.48453769562
                0.42       0.35846104708       0.50333556929
                0.44       0.37342615064        0.5214669178
                0.46       0.39150323733       0.53716482068
                0.48       0.40703062344       0.55445994024
                 0.5       0.42241702656       0.57014891416
                0.52       0.43740828955       0.58605494594
                0.54       0.45299476893       0.60235945941
                0.56       0.46717720572       0.61533689731
                0.58       0.48192735624       0.62801390888
                 0.6       0.49616052036       0.64266108795
                0.62       0.51214681039       0.65697001294
                0.64       0.52664810423       0.66782668925
                0.66       0.53764086523       0.68192360846
                0.68       0.54929424623       0.69488412912
                 0.7       0.56079693106       0.70852041461
                0.72        0.5734035145       0.71930428608
                0.74       0.58555478422       0.72965658518
                0.76       0.59599680866       0.74097790096
                0.78       0.60597768662       0.75042082915
                 0.8       0.61668437094        0.7573532741
                0.82       0.62594413256       0.76665481047
                0.84       0.63717002252       0.77550923108
                0.86       0.64729070643       0.78406500722
                0.88       0.65723306721       0.79108964535
                 0.9       0.66766985191       0.79853476979
                0.92       0.67825276173       0.80848347836
                0.94       0.68556099001       0.81592960436
                0.96       0.69652088796        0.8228255393
                0.98       0.70572730261       0.83152912164
                   1       0.71376766754       0.83841688804
                1.02       0.72241439613       0.84422920941
                1.04       0.73040316355       0.84947273644
                1.06       0.73879384178       0.85541272433
                1.08        0.7469807364        0.8610953037
                 1.1       0.75415287265       0.86583068057
                1.12       0.76221698594       0.87259253988
                1.14       0.76960195707       0.88035263802
                1.16       0.77758498113       0.88682175459
                1.18       0.78636821245       0.89252040395
                 1.2        0.7951011044       0.89858471875
                1.22       0.80274994864        0.9040435673
                1.24         0.810173634       0.90929635852
                1.26       0.81697223647       0.91444802132
                1.28       0.82259259862       0.91981425914
                 1.3       0.82998863247       0.92538947242
                1.32        0.8363771037       0.93124108654
                1.34        0.8437967098        0.9355636071
                1.36       0.85085930698        0.9404393952
                1.38       0.85707224378       0.94561496593
                 1.4       0.86265073113       0.94862664818
                1.42       0.86846885869       0.95201965667
                1.44       0.87376754802       0.95453228866
                1.46       0.87930227177       0.95758337104
                1.48       0.88415785823       0.96154445282
                 1.5       0.88914057905       0.96470917162
                1.52       0.89363439641       0.96666611221
                1.54       0.89883242439       0.96924411257
                1.56       0.90281438132       0.97216133437
                1.58       0.90777942388       0.97401149549
                 1.6       0.91333546964       0.97591986778
                1.62       0.91848514634       0.97807042164
                1.64       0.92315884253       0.98024363476
                1.66       0.92757375062       0.98234801794
                1.68       0.93142830898       0.98492614817
                 1.7       0.93560877273       0.98658326565
                1.72       0.93971928132       0.98808702941
                1.74        0.9432183884       0.98988578519
                1.76       0.94758405122       0.99183079261
                1.78        0.9522003997       0.99397815299
                 1.8       0.95626803698       0.99563593804
                1.82       0.96024065371       0.99678878953
                1.84         0.964355493       0.99777098673
                1.86       0.96876863105       0.99851847629
                1.88       0.97322738809         0.999143472
                 1.9       0.97772179878       0.99958000319
                1.92       0.98223340761       0.99987325518
                1.94        0.9866593591         1.000042012
                1.96       0.99113140464        1.0001058531
                1.98       0.99557754641         1.000084939
