                0.02               0.061
                0.04                0.06
                0.06                0.06
                0.08               0.062
                 0.1               0.061
                0.12                0.06
                0.14               0.061
                0.16               0.064
                0.18               0.056
                 0.2               0.057
                0.22               0.058
                0.24               0.058
                0.26               0.058
                0.28               0.059
                 0.3               0.058
                0.32               0.055
                0.34                0.06
                0.36                0.06
                0.38               0.062
                 0.4               0.057
                0.42               0.056
                0.44               0.055
                0.46               0.053
                0.48               0.053
                 0.5               0.051
                0.52               0.048
                0.54               0.044
                0.56               0.047
                0.58               0.046
                 0.6               0.046
                0.62               0.047
                0.64               0.047
                0.66               0.046
                0.68               0.046
                 0.7               0.046
                0.72               0.048
                0.74               0.048
                0.76               0.048
                0.78               0.045
                 0.8               0.047
                0.82               0.049
                0.84                0.05
                0.86               0.051
                0.88               0.054
                 0.9               0.056
                0.92               0.054
                0.94               0.053
                0.96               0.048
                0.98                0.05
                   1               0.047
                1.02               0.044
                1.04               0.044
                1.06               0.044
                1.08               0.046
                 1.1               0.044
                1.12               0.048
                1.14               0.045
                1.16               0.043
                1.18               0.045
                 1.2               0.045
                1.22               0.045
                1.24               0.044
                1.26               0.041
                1.28               0.039
                 1.3               0.039
                1.32               0.043
                1.34               0.046
                1.36               0.047
                1.38               0.049
                 1.4               0.048
                1.42               0.052
                1.44               0.051
                1.46               0.053
                1.48               0.053
                 1.5               0.053
                1.52               0.053
                1.54               0.056
                1.56               0.056
                1.58               0.056
                 1.6               0.055
                1.62               0.054
                1.64               0.057
                1.66               0.055
                1.68               0.054
                 1.7               0.055
                1.72               0.056
                1.74               0.056
                1.76               0.056
                1.78               0.058
                 1.8               0.057
                1.82               0.057
                1.84               0.057
                1.86               0.058
                1.88               0.058
                 1.9               0.059
                1.92               0.057
                1.94               0.056
                1.96               0.057
                1.98               0.057
