               0.002     0.0021004475555
               0.004     0.0042008495128
               0.006     0.0063011602405
               0.008     0.0084013340399
                0.01      0.010501325112
               0.012      0.012601087526
               0.014      0.014700575338
               0.016      0.016799743101
               0.018      0.018898546038
                0.02      0.020996940038
               0.022      0.023094881636
               0.024         0.025192328
               0.026      0.027289236918
               0.028       0.02938556678
                0.03      0.031481276566
               0.032      0.033576325834
               0.034        0.0356706747
               0.036      0.037764283828
               0.038      0.039857114417
                0.04       0.04194912819
               0.042      0.044040287598
               0.044      0.046130556207
               0.046      0.048219898758
               0.048      0.050308281138
                0.05       0.05239567035
               0.052      0.054482034486
               0.054        0.0565673427
               0.056      0.058651565178
               0.058      0.060734673112
                0.06      0.062816638674
               0.062      0.064897434986
               0.064      0.066977036092
               0.066      0.069055416937
               0.068      0.071132553332
                0.07      0.073208421934
               0.072      0.075283000216
               0.074      0.077356266441
               0.076      0.079428199635
               0.078      0.081498779563
                0.08      0.083567986699
               0.082      0.085635802206
               0.084      0.087702207902
               0.086      0.089767186241
               0.088      0.091830720282
                0.09      0.093892793668
               0.092      0.095953390597
               0.094      0.098012495795
               0.096        0.1000700945
               0.098       0.10212617241
                 0.1       0.10418071571
               0.102       0.10623371097
               0.104       0.10828514521
               0.106       0.11033500578
               0.108       0.11238328043
                0.11       0.11442995718
               0.112       0.11647502441
               0.114       0.11851847076
               0.116        0.1205602853
               0.118       0.12260045772
                0.12       0.12463897824
               0.122       0.12667583765
               0.124       0.12871102729
               0.126       0.13074453899
               0.128       0.13277636511
                0.13       0.13480649849
               0.132       0.13683493241
               0.134       0.13886166062
               0.136       0.14088667731
               0.138       0.14290997707
                0.14       0.14493155488
               0.142       0.14695140611
               0.144       0.14896952648
               0.146       0.15098591207
               0.148       0.15300055928
                0.15       0.15501346481
               0.152       0.15702462566
               0.154       0.15903403909
               0.156       0.16104170263
               0.158       0.16304761405
                0.16       0.16505177133
               0.162       0.16705417265
               0.164       0.16905481639
               0.166       0.17105370107
               0.168       0.17305082539
                0.17       0.17504618817
               0.172       0.17703978832
               0.174       0.17903162489
               0.176       0.18102169695
               0.178       0.18301000367
                0.18       0.18499654426
               0.182       0.18698131791
               0.184       0.18896432386
               0.186       0.19094556131
               0.188       0.19292502942
                0.19        0.1949027273
               0.192         0.196878654
               0.194       0.19885280846
               0.196       0.20082518951
               0.198       0.20279579586
                 0.2       0.20476462609
               0.202       0.20673167881
               0.204       0.20869695268
               0.206       0.21066044642
               0.208       0.21262215876
                0.21       0.21458208847
               0.212       0.21654023431
               0.214       0.21849659501
               0.216       0.22045116929
               0.218       0.22240395582
                0.22       0.22435495321
               0.222       0.22630415998
               0.224       0.22825157456
               0.226       0.23019719528
               0.228       0.23214102034
                0.23       0.23408304778
               0.232       0.23602327549
               0.234       0.23796170118
               0.236       0.23989832238
               0.238       0.24183313638
                0.24       0.24376614025
               0.242       0.24569733083
               0.244       0.24762670466
               0.246       0.24955425803
               0.248       0.25147998689
                0.25       0.25340388691
               0.252       0.25532595337
               0.254       0.25724618123
               0.256       0.25916456505
               0.258         0.261081099
                0.26       0.26299577682
               0.262       0.26490859182
               0.264       0.26681953685
               0.266       0.26872860425
               0.268       0.27063578591
                0.27       0.27254107316
               0.272       0.27444445678
               0.274       0.27634592701
               0.276       0.27824547352
               0.278       0.28014308556
                0.28       0.28203875209
               0.282       0.28393246173
               0.284       0.28582420276
               0.286        0.2877139631
               0.288       0.28960173028
                0.29       0.29148749146
               0.292       0.29337123336
               0.294       0.29525294229
               0.296        0.2971326041
               0.298       0.29901020418
                 0.3       0.30088572743
               0.302       0.30275915825
               0.304       0.30463048049
               0.306        0.3064996775
               0.308       0.30836673202
                0.31       0.31023162625
               0.312       0.31209434174
               0.314       0.31395485961
               0.316       0.31581316084
               0.318       0.31766922635
                0.32       0.31952303697
               0.322        0.3213745734
               0.324       0.32322381619
               0.326       0.32507074565
               0.328       0.32691534203
                0.33       0.32875758577
               0.332       0.33059745768
               0.334       0.33243493887
               0.336       0.33427001076
               0.338       0.33610265504
                0.34       0.33793285372
               0.342       0.33976058923
               0.344       0.34158584447
               0.346       0.34340860269
               0.348       0.34522884757
                0.35        0.3470465631
               0.352       0.34886173361
               0.354       0.35067434369
               0.356       0.35248437821
               0.358       0.35429182227
                0.36       0.35609666114
               0.362       0.35789888029
               0.364        0.3596984653
               0.366       0.36149540187
               0.368       0.36328967576
                0.37        0.3650812728
               0.372       0.36687017881
               0.374       0.36865637959
               0.376       0.37043986091
               0.378       0.37222060844
                0.38       0.37399860773
               0.382        0.3757738442
               0.384       0.37754630309
               0.386       0.37931596942
               0.388       0.38108282795
                0.39        0.3828468632
               0.392       0.38460805935
               0.394       0.38636640023
               0.396       0.38812186931
               0.398       0.38987444966
                 0.4       0.39162412422
               0.402       0.39337087628
               0.404       0.39511468958
               0.406       0.39685554822
               0.408       0.39859343674
                0.41       0.40032834001
               0.412        0.4020602433
               0.414       0.40378913217
               0.416       0.40551499256
               0.418       0.40723781066
                0.42       0.40895757299
               0.422       0.41067426633
               0.424       0.41238787771
               0.426       0.41409839441
               0.428       0.41580580392
                0.43       0.41751009393
               0.432       0.41921125233
               0.434       0.42090926716
               0.436       0.42260412663
               0.438       0.42429581904
                0.44       0.42598433285
               0.442       0.42766965658
               0.444       0.42935177883
               0.446       0.43103068826
               0.448       0.43270637357
                0.45       0.43437882345
               0.452       0.43604802661
               0.454       0.43771397173
               0.456       0.43937664743
               0.458       0.44103604229
                0.46       0.44269214479
               0.462       0.44434494329
               0.464       0.44599442605
               0.466       0.44764058115
               0.468       0.44928339652
                0.47       0.45092285988
               0.472       0.45255895876
               0.474       0.45419168042
               0.476       0.45582101188
               0.478       0.45744693988
                0.48       0.45906945082
               0.482       0.46068853081
               0.484       0.46230416557
               0.486       0.46391634048
               0.488       0.46552504049
                0.49       0.46713025012
               0.492       0.46873195378
               0.494       0.47033013627
               0.496       0.47192478289
               0.498       0.47351587949
                 0.5        0.4751034124
               0.502       0.47668736848
               0.504       0.47826773506
               0.506       0.47984449998
               0.508       0.48141765158
                0.51       0.48298717865
               0.512       0.48455307048
               0.514       0.48611531682
               0.516        0.4876739079
               0.518       0.48922883437
                0.52       0.49078008737
               0.522       0.49232765846
               0.524       0.49387153964
               0.526       0.49541172334
               0.528       0.49694820242
                0.53       0.49848097014
               0.532       0.50001002018
               0.534       0.50153534661
               0.536       0.50305694388
               0.538       0.50457480685
                0.54       0.50608893073
               0.542       0.50759931109
               0.544       0.50910594388
               0.546       0.51060882538
               0.548       0.51210795221
                0.55        0.5136033213
               0.552       0.51509492994
               0.554       0.51658277567
               0.556       0.51806685638
               0.558       0.51954717021
                0.56       0.52102371558
               0.562        0.5224964912
               0.564       0.52396549599
               0.566       0.52543072915
               0.568       0.52689219009
                0.57       0.52834987844
               0.572       0.52980379426
               0.574       0.53125393813
               0.576       0.53270031122
               0.578       0.53414291519
                0.58       0.53558175225
               0.582       0.53701682507
               0.584        0.5384481368
               0.586       0.53987569102
               0.588       0.54129949176
                0.59       0.54271954342
               0.592       0.54413585079
               0.594       0.54554841901
               0.596       0.54695725356
               0.598       0.54836236021
                 0.6       0.54976374503
               0.602       0.55116141434
               0.604       0.55255537469
               0.606       0.55394563288
               0.608       0.55533219592
                0.61       0.55671507107
               0.612       0.55809426579
               0.614       0.55946978769
               0.616       0.56084164454
               0.618       0.56220984421
                0.62       0.56357439467
               0.622       0.56493530396
               0.624       0.56629258012
               0.626       0.56764623123
               0.628       0.56899626531
                0.63       0.57034269034
               0.632       0.57168551422
               0.634       0.57302474472
               0.636       0.57436038948
               0.638       0.57569245596
                0.64       0.57702095139
               0.642       0.57834588281
               0.644       0.57966725694
               0.646       0.58098508022
               0.648       0.58229935877
                0.65       0.58361009832
               0.652       0.58491730422
               0.654       0.58622098137
               0.656       0.58752113421
               0.658        0.5888177667
                0.66       0.59011088223
               0.662       0.59140048364
               0.664       0.59268657318
               0.666       0.59396915244
               0.668       0.59524822243
                0.67        0.5965237841
               0.672       0.59779583865
               0.674       0.59906438751
               0.676       0.60032943237
               0.678       0.60159097513
                0.68       0.60284901789
               0.682       0.60410356316
               0.684       0.60535461416
               0.686       0.60660217481
               0.688       0.60784624969
                0.69       0.60908684406
               0.692       0.61032396378
               0.694        0.6115576153
               0.696       0.61278780563
               0.698       0.61401454232
                 0.7        0.6152378334
               0.702       0.61645768738
               0.704       0.61767411321
               0.706       0.61888712023
               0.708       0.62009671818
                0.71       0.62130291712
               0.712       0.62250572744
               0.714       0.62370515981
               0.716       0.62490122513
               0.718       0.62609393454
                0.72       0.62728329937
               0.722       0.62846933108
               0.724       0.62965204126
               0.726       0.63083144161
               0.728       0.63200754385
                0.73       0.63318035974
               0.732       0.63434990104
               0.734       0.63551617945
               0.736       0.63667920659
               0.738       0.63783899399
                0.74         0.638995553
               0.742       0.64014889482
               0.744       0.64129903041
               0.746       0.64244597051
               0.748       0.64358972554
                0.75       0.64473030563
               0.752       0.64586772054
               0.754       0.64700197962
               0.756       0.64813309183
               0.758       0.64926106564
                0.76       0.65038590909
               0.762       0.65150763022
               0.764       0.65262623739
               0.766       0.65374173931
               0.768         0.654854145
                0.77       0.65596346377
               0.772       0.65706970523
               0.774       0.65817287922
               0.776       0.65927299582
               0.778       0.66037006537
                0.78       0.66146409837
               0.782       0.66255510551
               0.784       0.66364309767
               0.786       0.66472808583
               0.788       0.66581008114
                0.79       0.66688909482
               0.792       0.66796513817
               0.794       0.66903822259
               0.796        0.6701083595
               0.798       0.67117556032
                 0.8       0.67223983651
               0.802        0.6733011995
               0.804        0.6743596607
               0.806        0.6754152315
               0.808       0.67646792327
                0.81       0.67751774728
               0.812       0.67856471475
               0.814       0.67960883675
               0.816       0.68065012425
               0.818       0.68168858804
                0.82       0.68272423875
               0.822        0.6837570868
               0.824       0.68478714236
               0.826       0.68581441539
               0.828       0.68683891554
                0.83       0.68786065218
               0.832       0.68887963445
               0.834       0.68989587166
               0.836       0.69090937336
               0.838       0.69192014939
                0.84       0.69292820983
               0.842       0.69393356501
               0.844       0.69493622547
               0.846       0.69593620199
               0.848       0.69693350553
                0.85       0.69792814726
               0.852       0.69892013851
               0.854        0.6999094908
               0.856       0.70089621578
               0.858       0.70188032524
                0.86       0.70286183111
               0.862       0.70384074543
               0.864       0.70481708034
               0.866       0.70579084805
               0.868       0.70676206085
                0.87       0.70773073111
               0.872       0.70869687121
               0.874       0.70966049359
               0.876       0.71062161069
               0.878       0.71158023494
                0.88       0.71253637878
               0.882       0.71349005462
               0.884       0.71444127491
               0.886       0.71539005232
               0.888        0.7163363998
                0.89       0.71728033052
               0.892       0.71822185789
               0.894       0.71916099555
               0.896       0.72009775735
               0.898       0.72103215735
                 0.9       0.72196420983
               0.902       0.72289392921
               0.904       0.72382133014
               0.906        0.7247464274
               0.908       0.72566923596
                0.91       0.72658977091
               0.912       0.72750804749
               0.914       0.72842408108
               0.916       0.72933788715
               0.918       0.73024948131
                0.92       0.73115887924
               0.922       0.73206609672
               0.924       0.73297114958
               0.926       0.73387405374
               0.928       0.73477482515
                0.93       0.73567347981
               0.932       0.73657003374
               0.934       0.73746450297
               0.936       0.73835690355
               0.938       0.73924725151
                0.94       0.74013556284
               0.942       0.74102185352
               0.944       0.74190613947
               0.946       0.74278843654
               0.948       0.74366876052
                0.95        0.7445471271
               0.952       0.74542355187
               0.954        0.7462980503
               0.956       0.74717063774
               0.958       0.74804132938
                0.96       0.74891014031
               0.962       0.74977708564
               0.964       0.75064218056
               0.966       0.75150544028
               0.968       0.75236688009
                0.97       0.75322651528
               0.972       0.75408436118
               0.974       0.75494043314
               0.976       0.75579474648
               0.978       0.75664731653
                0.98        0.7574981586
               0.982       0.75834728796
               0.984       0.75919471983
               0.986       0.76004046936
               0.988       0.76088455167
                0.99       0.76172698176
               0.992       0.76256777455
               0.994       0.76340694485
               0.996       0.76424450735
               0.998       0.76508047661
                   1       0.76591486703
               1.002       0.76674769287
               1.004       0.76757896819
               1.006       0.76840870688
               1.008       0.76923692262
                1.01       0.77006362889
               1.012        0.7708888389
               1.014       0.77171256564
               1.016       0.77253482184
               1.018       0.77335561994
                1.02       0.77417497209
               1.022       0.77499289013
               1.024       0.77580938558
               1.026       0.77662446962
               1.028       0.77743815305
                1.03       0.77825044632
               1.032       0.77906135948
               1.034       0.77987090215
               1.036       0.78067908356
               1.038       0.78148591246
                1.04       0.78229139715
               1.042       0.78309554546
               1.044        0.7838983647
               1.046       0.78469986183
               1.048        0.7855000436
                1.05        0.7862989166
               1.052        0.7870964873
               1.054       0.78789276225
               1.056       0.78868774804
               1.058       0.78948145132
                1.06       0.79027387875
               1.062       0.79106503699
               1.064       0.79185493269
               1.066       0.79264357246
               1.068       0.79343096286
                1.07       0.79421711037
               1.072       0.79500202136
               1.074        0.7957857021
               1.076       0.79656815872
               1.078       0.79734939718
                1.08       0.79812942328
               1.082       0.79890824261
               1.084       0.79968586052
               1.086       0.80046228215
               1.088       0.80123751235
                1.09        0.8020115557
               1.092       0.80278441645
               1.094       0.80355609854
               1.096       0.80432660554
               1.098       0.80509594066
                 1.1        0.8058641067
               1.102       0.80663110602
               1.104       0.80739694057
               1.106        0.8081616118
               1.108       0.80892512068
                1.11       0.80968746765
               1.112       0.81044865263
               1.114       0.81120867494
               1.116       0.81196753334
               1.118       0.81272522595
                1.12       0.81348175025
               1.122       0.81423710308
               1.124       0.81499128054
               1.126       0.81574427805
               1.128       0.81649609026
                1.13       0.81724671106
               1.132       0.81799613353
               1.134       0.81874434993
               1.136       0.81949135167
               1.138       0.82023712927
                1.14       0.82098167233
               1.142       0.82172496955
               1.144       0.82246700862
               1.146       0.82320777644
               1.148       0.82394725957
                1.15       0.82468544443
               1.152        0.8254223173
               1.154       0.82615786429
               1.156       0.82689207132
               1.158       0.82762492416
                1.16       0.82835640837
               1.162       0.82908650929
               1.164       0.82981521205
               1.166       0.83054250156
               1.168       0.83126836248
                1.17       0.83199277921
               1.172        0.8327157359
               1.174        0.8334372164
               1.176       0.83415720428
               1.178       0.83487568282
                1.18       0.83559263497
               1.182       0.83630804334
               1.184       0.83702189023
               1.186       0.83773415755
               1.188       0.83844482687
                1.19       0.83915387936
               1.192       0.83986129582
               1.194       0.84056705661
               1.196       0.84127114188
               1.198       0.84197353198
                 1.2       0.84267420752
               1.202       0.84337314944
               1.204       0.84407033896
               1.206        0.8447657576
               1.208       0.84545938719
                1.21       0.84615121003
               1.212       0.84684120896
               1.214       0.84752936741
               1.216       0.84821566934
               1.218       0.84890009929
                1.22       0.84958264234
               1.222        0.8502632841
               1.224       0.85094201073
               1.226       0.85161880893
               1.228       0.85229366592
                1.23       0.85296656945
               1.232       0.85363750778
               1.234        0.8543064697
               1.236       0.85497344448
               1.238       0.85563842193
                1.24       0.85630139232
               1.242       0.85696234645
               1.244       0.85762127559
               1.246       0.85827817149
               1.248       0.85893302638
                1.25       0.85958583298
               1.252       0.86023658445
               1.254       0.86088527443
               1.256       0.86153189701
               1.258       0.86217644674
                1.26       0.86281891862
               1.262       0.86345930807
               1.264       0.86409761096
               1.266        0.8647338236
               1.268        0.8653679427
                1.27       0.86599996542
               1.272       0.86662988931
               1.274       0.86725771233
               1.276       0.86788343286
               1.278       0.86850704966
                1.28        0.8691285619
               1.282        0.8697479691
               1.284       0.87036527121
               1.286       0.87098046851
               1.288       0.87159356167
                1.29       0.87220455172
               1.292       0.87281344003
               1.294       0.87342022836
               1.296       0.87402491876
               1.298       0.87462751367
                 1.3       0.87522801582
               1.302       0.87582642829
               1.304       0.87642275446
               1.306       0.87701699804
               1.308       0.87760916304
                1.31       0.87819925377
               1.312       0.87878727482
               1.314       0.87937323108
               1.316       0.87995712771
               1.318       0.88053897016
                1.32       0.88111876412
               1.322       0.88169651555
               1.324       0.88227223067
               1.326       0.88284591592
               1.328         0.883417578
                1.33       0.88398722382
               1.332       0.88455486053
               1.334       0.88512049548
               1.336       0.88568413623
               1.338       0.88624579054
                1.34       0.88680546636
               1.342       0.88736317182
               1.344       0.88791891522
               1.346       0.88847270505
               1.348       0.88902454993
                1.35       0.88957445864
               1.352       0.89012244012
               1.354        0.8906685034
               1.356       0.89121265768
               1.358       0.89175491225
                1.36       0.89229527652
               1.362       0.89283375997
               1.364       0.89337037221
               1.366        0.8939051229
               1.368       0.89443802178
                1.37       0.89496907864
               1.372       0.89549830335
               1.374       0.89602570578
               1.376       0.89655129587
               1.378       0.89707508355
                1.38       0.89759707879
               1.382       0.89811729155
               1.384       0.89863573176
               1.386       0.89915240937
               1.388       0.89966733426
                1.39       0.90018051631
               1.392       0.90069196532
               1.394       0.90120169103
               1.396       0.90170970312
               1.398       0.90221601118
                 1.4       0.90272062469
               1.402       0.90322355304
               1.404       0.90372480549
               1.406       0.90422439118
               1.408        0.9047223191
                1.41       0.90521859809
               1.412        0.9057132368
               1.414       0.90620624373
               1.416       0.90669762717
               1.418       0.90718739521
                1.42       0.90767555572
               1.422       0.90816211635
               1.424       0.90864708449
               1.426       0.90913046727
               1.428       0.90961227157
                1.43       0.91009250396
               1.432       0.91057117073
               1.434       0.91104827785
               1.436       0.91152383096
               1.438       0.91199783536
                1.44         0.912470296
               1.442       0.91294121745
               1.444        0.9134106039
               1.446       0.91387845914
               1.448       0.91434478654
                1.45       0.91480958904
               1.452       0.91527286913
               1.454       0.91573462885
               1.456       0.91619486975
               1.458       0.91665359288
                1.46       0.91711079879
               1.462        0.9175664875
               1.464       0.91802065848
               1.466       0.91847331064
               1.468       0.91892444246
                1.47       0.91937405231
               1.472       0.91982213864
               1.474        0.9202686999
               1.476       0.92071373457
               1.478       0.92115724118
                1.48       0.92159921825
               1.482       0.92203966434
               1.484       0.92247857799
               1.486       0.92291595779
               1.488       0.92335180228
                1.49       0.92378611003
               1.492       0.92421887959
               1.494       0.92465010955
               1.496        0.9250797987
               1.498       0.92550794604
                 1.5        0.9259345508
               1.502       0.92635961243
               1.504       0.92678313059
               1.506       0.92720510519
               1.508       0.92762553632
                1.51       0.92804442431
               1.512       0.92846176973
               1.514       0.92887757333
               1.516       0.92929183609
               1.518       0.92970455921
                1.52       0.93011574411
               1.522        0.9305253924
               1.524       0.93093350593
               1.526       0.93134008674
               1.528       0.93174513708
                1.53       0.93214865943
               1.532       0.93255065645
               1.534       0.93295113101
               1.536       0.93335008619
               1.538       0.93374752527
                1.54       0.93414345174
               1.542       0.93453786925
               1.544       0.93493078169
               1.546       0.93532219311
               1.548       0.93571210778
                1.55       0.93610053012
               1.552       0.93648746479
               1.554       0.93687291658
               1.556        0.9372568905
               1.558       0.93763939172
                1.56       0.93802042558
               1.562       0.93839999763
               1.564       0.93877811354
               1.566       0.93915477919
               1.568        0.9395300006
                1.57       0.93990378396
               1.572       0.94027613562
               1.574       0.94064706209
               1.576       0.94101657002
               1.578       0.94138466621
                1.58       0.94175135761
               1.582       0.94211665132
               1.584       0.94248055455
               1.586       0.94284307467
               1.588       0.94320421916
                1.59       0.94356399564
               1.592       0.94392241184
               1.594       0.94427947562
               1.596       0.94463519494
               1.598       0.94498957786
                 1.6       0.94534263257
               1.602       0.94569436733
               1.604       0.94604479052
               1.606       0.94639391057
               1.608       0.94674173604
                1.61       0.94708827553
               1.612       0.94743353774
               1.614       0.94777753142
               1.616       0.94812026538
               1.618       0.94846174851
                1.62       0.94880198971
               1.622       0.94914099797
               1.624       0.94947878228
               1.626       0.94981535169
               1.628       0.95015071526
                1.63       0.95048488207
               1.632       0.95081786122
               1.634       0.95114966182
               1.636       0.95148029297
               1.638       0.95180976375
                1.64       0.95213808327
               1.642       0.95246526057
               1.644       0.95279130485
               1.646       0.95311622549
               1.648       0.95344003211
                1.65       0.95376273452
               1.652       0.95408434275
               1.654       0.95440486698
               1.656       0.95472431759
               1.658       0.95504270509
                1.66       0.95536004013
               1.662        0.9556763335
               1.664       0.95599159608
               1.666       0.95630583886
               1.668       0.95661907293
                1.67       0.95693130941
               1.672       0.95724255952
               1.674       0.95755283449
               1.676       0.95786214558
               1.678       0.95817050406
                1.68       0.95847792122
               1.682       0.95878440831
               1.684       0.95908997654
               1.686       0.95939463709
               1.688       0.95969840107
                1.69       0.96000127951
               1.692       0.96030328335
               1.694       0.96060442342
               1.696       0.96090471043
               1.698       0.96120415493
                 1.7       0.96150276733
               1.702       0.96180055787
               1.704       0.96209753659
               1.706       0.96239371333
               1.708       0.96268909772
                1.71       0.96298369914
               1.712       0.96327752672
               1.714       0.96357058932
               1.716       0.96386289551
               1.718       0.96415445355
                1.72        0.9644452714
               1.722       0.96473535667
               1.724       0.96502471661
               1.726        0.9653133583
               1.728       0.96560128879
                1.73       0.96588851512
               1.732       0.96617504434
               1.734       0.96646088345
               1.736       0.96674603944
               1.738       0.96703051926
                1.74       0.96731432979
               1.742       0.96759747788
               1.744       0.96787997028
               1.746       0.96816181366
               1.748       0.96844301464
                1.75       0.96872357968
               1.752       0.96900351517
               1.754       0.96928282738
               1.756       0.96956152242
               1.758       0.96983960627
                1.76        0.9701170848
               1.762       0.97039396373
               1.764       0.97067024871
               1.766       0.97094594526
               1.768       0.97122105877
                1.77       0.97149559452
               1.772       0.97176955761
               1.774       0.97204295303
               1.776       0.97231578558
               1.778       0.97258805989
                1.78       0.97285978041
               1.782       0.97313095141
               1.784       0.97340157694
               1.786       0.97367166085
               1.788       0.97394120676
                1.79       0.97421021806
               1.792       0.97447869791
               1.794       0.97474664919
               1.796       0.97501407455
               1.798       0.97528097633
                 1.8       0.97554735663
               1.802       0.97581321747
               1.804       0.97607856083
               1.806       0.97634338864
               1.808       0.97660770281
                1.81       0.97687150515
               1.812       0.97713479742
               1.814       0.97739758124
               1.816       0.97765985813
               1.818       0.97792162946
                1.82       0.97818289647
               1.822        0.9784436602
               1.824       0.97870392152
               1.826       0.97896368107
               1.828        0.9792229393
                1.83       0.97948169638
               1.832       0.97973995225
               1.834       0.97999770657
               1.836       0.98025495891
               1.838       0.98051170905
                1.84       0.98076795706
               1.842       0.98102370328
               1.844        0.9812789483
               1.846       0.98153369296
               1.848       0.98178793837
                1.85       0.98204168589
               1.852       0.98229493711
               1.854       0.98254769385
               1.856       0.98279995818
               1.858       0.98305173239
                1.86       0.98330301897
               1.862       0.98355382067
               1.864       0.98380414042
               1.866       0.98405398135
               1.868       0.98430334682
                1.87       0.98455224038
               1.872       0.98480066575
               1.874       0.98504862686
               1.876       0.98529612782
               1.878       0.98554317292
                1.88       0.98578976661
               1.882       0.98603591353
               1.884       0.98628161846
               1.886       0.98652688637
               1.888       0.98677172237
                1.89       0.98701613171
               1.892       0.98726011981
               1.894       0.98750369223
               1.896       0.98774685465
               1.898        0.9879896129
                 1.9       0.98823197294
               1.902       0.98847394086
               1.904       0.98871552285
               1.906       0.98895672524
               1.908       0.98919755447
                1.91       0.98943801709
               1.912       0.98967811974
               1.914       0.98991786919
               1.916       0.99015727227
               1.918       0.99039633595
                1.92       0.99063506724
               1.922       0.99087347328
               1.924       0.99111156125
               1.926       0.99134933846
               1.928       0.99158681223
                1.93       0.99182399001
               1.932       0.99206087928
               1.934       0.99229748759
               1.936       0.99253382256
               1.938       0.99276989185
                1.94       0.99300570318
               1.942       0.99324126431
               1.944       0.99347658306
               1.946       0.99371166727
               1.948       0.99394652482
                1.95       0.99418116364
               1.952       0.99441559167
               1.954       0.99464981689
               1.956       0.99488384728
               1.958       0.99511769089
                1.96       0.99535135582
               1.962       0.99558485023
               1.964       0.99581818231
               1.966       0.99605136032
               1.968       0.99628439257
                1.97        0.9965172874
               1.972        0.9967500532
               1.974        0.9969826984
               1.976       0.99721523146
               1.978       0.99744766087
                1.98       0.99767999517
               1.982       0.99791224291
               1.984       0.99814441267
               1.986       0.99837651307
               1.988       0.99860855271
                1.99       0.99884054026
               1.992       0.99907248437
               1.994       0.99930439372
               1.996       0.99953627697
               1.998       0.99976814284
                   2                   1
