                0.02      0.016589969759       0.02535868423
                0.04      0.032715876633      0.050150776303
                0.06      0.048600684345      0.074398568453
                0.08      0.064380504967      0.098441286624
                 0.1      0.080197357359       0.12234622607
                0.12      0.096178945027       0.14563883695
                0.14       0.11227113689       0.16803912095
                0.16       0.12867306854       0.19045771924
                0.18       0.14494482484       0.21233998742
                 0.2       0.16186561018        0.2344885202
                0.22       0.17803875512       0.25619540458
                0.24       0.19476475306       0.27644951103
                0.26       0.21153491519       0.29678658409
                0.28       0.22830305704        0.3159041356
                 0.3       0.24495190907       0.33575141525
                0.32       0.26163297811        0.3540793548
                0.34       0.27676382064       0.37162874922
                0.36       0.29352312106       0.38988594524
                0.38       0.30924461412       0.40869992193
                 0.4       0.32507579539       0.42702209755
                0.42       0.33895026908       0.44293949262
                0.44       0.35498630159       0.45897907555
                0.46       0.36986084642       0.47496960772
                0.48       0.38284319508       0.49009225684
                 0.5       0.39710954687       0.50437241273
                0.52       0.41070951747       0.51977347088
                0.54       0.42497767151       0.53338371674
                0.56        0.4382196516       0.54878178454
                0.58       0.44944580358       0.56081229179
                 0.6       0.46091170685       0.57345240608
                0.62       0.47315837018       0.58636685428
                0.64       0.48507232872       0.59881573159
                0.66       0.49885327658       0.61135938339
                0.68       0.51040797686       0.62389093879
                 0.7       0.52268150078       0.63700441246
                0.72       0.53454370382       0.64752558173
                0.74       0.54720732826       0.65942217814
                0.76       0.55966221339       0.67134594869
                0.78       0.57266468553       0.68189686329
                 0.8       0.58636577451       0.69215431044
                0.82       0.59900012512       0.70292787914
                0.84       0.61103453766       0.71381283418
                0.86       0.62232496364       0.72620376788
                0.88       0.63504971613       0.73572724757
                 0.9       0.64577342821       0.74751312032
                0.92       0.65855858598       0.75921932316
                0.94       0.67111247121       0.77000248445
                0.96       0.68162133296       0.77848058834
                0.98       0.69179541349       0.78762145963
                   1       0.70186083206       0.79750414608
                1.02       0.71168880284       0.80668009942
                1.04       0.72097363758       0.81442839745
                1.06       0.72913855989       0.82317724096
                1.08       0.73679940253       0.83158980857
                 1.1       0.74475119382       0.83847184391
                1.12       0.75190262538       0.84385855721
                1.14        0.7587338534       0.84987989148
                1.16         0.764473332       0.85485255983
                1.18       0.77010854517        0.8596500391
                 1.2       0.77553044164       0.86402828501
                1.22       0.78140514629       0.86801488869
                1.24       0.78666545387       0.87271215431
                1.26       0.79039619502       0.87669132193
                1.28       0.79398937368       0.87993472908
                 1.3       0.79718267793       0.88235692065
                1.32       0.79975675223         0.885097213
                1.34       0.80432487146       0.88787116371
                1.36       0.80835009073       0.89183213882
                1.38       0.81257740183        0.8946257697
                 1.4       0.81591794103       0.89713450992
                1.42       0.82019163024       0.89908605815
                1.44       0.82512092654       0.90164505254
                1.46       0.82906581087       0.90418153087
                1.48       0.83468306248       0.90790922524
                 1.5       0.83899005222       0.91156119851
                1.52       0.84381104034       0.91454144886
                1.54       0.84999314838       0.91790130469
                1.56        0.8556244935        0.9221374342
                1.58        0.8613111742       0.92733021334
                 1.6        0.8671421705       0.93160832021
                1.62       0.87284801615       0.93698575076
                1.64        0.8789237782       0.94184730042
                1.66       0.88524374819       0.94639931623
                1.68       0.89182039405       0.95162690694
                 1.7       0.89856530693       0.95566100741
                1.72       0.90531520744       0.96100868286
                1.74       0.91251418348         0.965844931
                1.76       0.91973011456       0.97066408488
                1.78       0.92662847542       0.97452517188
                 1.8       0.93377789951       0.97785437993
                1.82        0.9408967798       0.98198167666
                1.84         0.947409321       0.98529881357
                1.86       0.95396370568        0.9882209538
                1.88       0.96092528566       0.99067782784
                 1.9       0.96745687717       0.99292808184
                1.92       0.97417514428       0.99465761374
                1.94       0.98070274511       0.99648013716
                1.96       0.98715882413       0.99782082924
                1.98       0.99359538635       0.99897022222
