                0.02      0.019443378386      0.028619087387
                0.04      0.038420335098      0.056657423572
                0.06      0.057044151815      0.083980408883
                0.08      0.075277364506       0.11065336993
                 0.1      0.092894831335       0.13668855944
                0.12       0.11080217965       0.16174807272
                0.14       0.12862746818       0.18646640392
                0.16       0.14650369706       0.21019763321
                0.18       0.16354963747       0.23286000914
                 0.2        0.1809561708       0.25486783552
                0.22       0.19858690223       0.27547646942
                0.24       0.21492951154       0.29616829303
                0.26       0.23159471306       0.31672306925
                0.28       0.24793402571       0.33531140782
                 0.3       0.26334391544       0.35391988392
                0.32       0.27864745202       0.37191643057
                0.34        0.2942363323       0.39007714453
                0.36       0.30917251907       0.40593853081
                0.38       0.32249448792        0.4222223958
                 0.4       0.33641576198       0.43818251718
                0.42        0.3502797363       0.45242889094
                0.44       0.36414487642       0.46682387124
                0.46       0.37658904447       0.48013325735
                0.48       0.38826482942       0.49408509955
                 0.5       0.40074494325       0.50643626999
                0.52       0.41385612236       0.52041974206
                0.54       0.42580974702       0.53343168186
                0.56       0.43889764285       0.54650171835
                0.58       0.45170497599       0.55956649769
                 0.6        0.4635867776       0.57115912317
                0.62       0.47399249436       0.58281349702
                0.64       0.48589647129       0.59596225402
                0.66       0.49729351206       0.60699894476
                0.68       0.50838565293       0.61936651332
                 0.7       0.51922185274       0.63146594231
                0.72       0.53117366885       0.64330638921
                0.74       0.54182483507       0.65488560698
                0.76       0.55158803801       0.66528283191
                0.78       0.56201063349       0.67521874699
                 0.8       0.57037464598       0.68336924054
                0.82       0.58119237676       0.69199095553
                0.84       0.59197311879       0.70059956099
                0.86       0.60137609576       0.70934686466
                0.88        0.6115311003       0.71840125442
                 0.9       0.62127225508       0.72703175591
                0.92       0.63089455537       0.73446401742
                0.94       0.64091617377         0.742839054
                0.96        0.6497680673       0.75128272307
                0.98       0.66029704608       0.76018199122
                   1       0.67023229728        0.7686719715
                1.02       0.67858312113       0.77649916419
                1.04       0.68687211593       0.78585602122
                1.06       0.69527309186       0.79154077732
                1.08       0.70433742951       0.79786152388
                 1.1       0.71212316332       0.80301605078
                1.12       0.71969804333       0.81005497113
                1.14       0.72820581818       0.81791559416
                1.16       0.73617633012       0.82495765848
                1.18       0.74530118215       0.83195498189
                 1.2       0.75348324179       0.83949982285
                1.22       0.76061179567       0.84578368288
                1.24       0.76870229762       0.85354824172
                1.26       0.77677363872       0.86000222645
                1.28       0.78444269742       0.86775667627
                 1.3       0.79123594541       0.87437860463
                1.32       0.79927658515       0.88020050932
                1.34       0.80750188304       0.88604624507
                1.36       0.81407554956       0.89078299354
                1.38       0.82098412251       0.89670435465
                 1.4       0.82738911759       0.90209452808
                1.42       0.83408007354       0.90606310154
                1.44       0.84001917017       0.91065574211
                1.46       0.84606210428       0.91532165411
                1.48       0.85194144032       0.92048833744
                 1.5       0.85782177109       0.92515570436
                1.52        0.8636414703       0.92902241539
                1.54       0.86849174135       0.93264492139
                1.56       0.87351528706       0.93679866057
                1.58       0.87920938087       0.94033879274
                 1.6       0.88484250377       0.94350321085
                1.62       0.88937376645       0.94806802432
                1.64       0.89393792367         0.952166193
                1.66       0.89857450209       0.95608617735
                1.68       0.90401485984       0.95982621168
                 1.7        0.9082562755        0.9631498532
                1.72       0.91348235335       0.96538483246
                1.74       0.91923444195       0.96811625847
                1.76       0.92412653809       0.97136027709
                1.78        0.9296886214       0.97409660116
                 1.8       0.93555771432       0.97740541337
                1.82         0.941179687       0.98043603368
                1.84       0.94681139573       0.98308088716
                1.86       0.95289752328       0.98585525767
                1.88       0.95930742504       0.98831500098
                 1.9       0.96586979916       0.99066477189
                1.92       0.97253458877       0.99276317234
                1.94       0.97933986657       0.99471580434
                1.96       0.98619333205       0.99658782101
                1.98        0.9930936958       0.99833638811
