                0.02      0.018835431722      0.026377054183
                0.04      0.037160895725      0.052114698468
                0.06      0.055022694727      0.077187449613
                0.08      0.072545314028       0.10155910272
                 0.1      0.090002541485       0.12549679026
                0.12       0.10769292215       0.14879059843
                0.14       0.12509344585       0.17119107702
                0.16       0.14210252556       0.19321874174
                0.18       0.15926135128        0.2147232171
                 0.2       0.17698923217       0.23566954848
                0.22       0.19442356122       0.25624965538
                0.24       0.21059275655       0.27645163008
                0.26        0.2287047382       0.29631271301
                0.28       0.24599575951       0.31520656198
                 0.3       0.26228128375       0.33313351401
                0.32       0.27822801509       0.35154764437
                0.34       0.29535207709       0.36947886183
                0.36       0.31196434546       0.38715530598
                0.38       0.32835910428        0.4038769816
                 0.4       0.34535324897       0.42193853948
                0.42       0.36238082216       0.43927758874
                0.44       0.37963431524       0.45707889148
                0.46       0.39622890091       0.47577137212
                0.48       0.41170885973        0.4923782776
                 0.5       0.42653489498       0.50785143584
                0.52       0.44161928052       0.52416024493
                0.54       0.45694013665       0.53949407454
                0.56       0.47169808498       0.55538874642
                0.58       0.48475137095       0.57035562559
                 0.6       0.49878512677       0.58348993059
                0.62       0.51122193038       0.59669651188
                0.64        0.5239442049       0.60983940713
                0.66       0.53481937639       0.62281151282
                0.68       0.54604207003       0.63411204691
                 0.7       0.55698551379       0.64526039236
                0.72       0.56749881977       0.65558033262
                0.74       0.57787982622       0.66521596301
                0.76       0.58741759352       0.67444269714
                0.78       0.59810253018       0.68389285258
                 0.8        0.6083928037       0.69288661168
                0.82       0.61755099816       0.70045360801
                0.84       0.62561731455        0.7087579267
                0.86       0.63408265906       0.71628656605
                0.88       0.64381851514       0.72425372518
                 0.9       0.65325566144       0.73235222988
                0.92       0.66144021879        0.7399069048
                0.94       0.66975338746       0.74827234705
                0.96       0.67761079942       0.75574287045
                0.98       0.68495018872       0.76247080437
                   1       0.69276995956       0.77043597968
                1.02       0.70234017485        0.7782844142
                1.04       0.70988082842       0.78640299978
                1.06       0.71841828953       0.79327444367
                1.08       0.72672312545       0.79981382964
                 1.1        0.7355094237       0.80782504738
                1.12        0.7437481114       0.81473091055
                1.14       0.75017617897       0.82103259398
                1.16       0.75682624065       0.82757112285
                1.18        0.7647520549         0.834659409
                 1.2       0.77204480701       0.84074220835
                1.22       0.77990409844       0.84612650417
                1.24       0.78709095991       0.85151042499
                1.26       0.79418959955       0.85649492531
                1.28       0.80202478771        0.8632773952
                 1.3       0.80908732255       0.86893156241
                1.32       0.81682412491       0.87493128109
                1.34       0.82426414383       0.88139217259
                1.36       0.83264252095       0.88696720223
                1.38       0.83916101961       0.89430812413
                 1.4       0.84573105043       0.90155578241
                1.42       0.85358980968       0.90832983346
                1.44       0.86105658355       0.91364416108
                1.46       0.86930365412        0.9194920302
                1.48       0.87593976616       0.92631622989
                 1.5       0.88267534314       0.93229781723
                1.52       0.88899588145       0.93868156862
                1.54       0.89552373602       0.94448832811
                1.56        0.9018440455       0.94900396247
                1.58          0.90803732       0.95382151848
                 1.6       0.91350200038       0.95857071367
                1.62       0.91927986862       0.96301974913
                1.64       0.92471392167       0.96650430753
                1.66       0.92934699453       0.97002415182
                1.68       0.93426970264       0.97348694478
                 1.7       0.93884705137       0.97583047908
                1.72       0.94301193492       0.97847189732
                1.74       0.94690713388        0.9811566434
                1.76       0.95102460292       0.98318041409
                1.78       0.95499929066       0.98518377944
                 1.8        0.9588876515       0.98736286843
                1.82       0.96264982632       0.98954511072
                1.84       0.96653662452       0.99110388258
                1.86        0.9703705738       0.99254757996
                1.88       0.97406793987       0.99388407752
                 1.9       0.97827168392       0.99494201441
                1.92       0.98245682934       0.99608590001
                1.94       0.98679133331       0.99710452883
                1.96       0.99120111454       0.99811648514
                1.98       0.99559614066       0.99909014049
