                   0                   0
      0.055234522295      0.066666666667
      0.083059431646       0.14545454545
       0.18227817878       0.20512820513
       0.26178623206       0.31578947368
       0.29504764353       0.36363636364
       0.40032477846                 0.4
       0.46552232124       0.48863636364
       0.63535194184                 0.5
       0.66580979485       0.56862745098
       0.76887193647       0.64285714286
       0.90938517032       0.71153846154
        1.0024434949                0.75
        1.0090540169       0.75221238938
        1.2513735764       0.85483870968
        1.3824889658       0.85714285714
        1.3933441665       0.90476190476
        1.6313989425                0.92
        1.8002577688                   1
                   2                   1
