                   0                   0
        0.0803258271               0.025
       0.13735297984       0.20588235294
       0.32337796746       0.35555555556
       0.41309586427       0.46666666667
       0.50409050315                 0.5
       0.50679905083       0.51282051282
       0.73744540736             0.59375
       0.79228772364                0.64
       0.89015169237       0.78313253012
        1.0443555136            0.796875
        1.1740985187                 0.8
        1.2020201653       0.84967320261
         1.516449831       0.85714285714
        1.5691023147                0.88
        1.6407433292       0.91666666667
        1.6904365957       0.94285714286
        1.7837254753                   1
                   2                   1
