                   0                   0
      0.025908811559      0.040816326531
      0.073142201165               0.125
       0.15907844907        0.1935483871
       0.18728044864       0.21951219512
       0.22611054857       0.24742268041
       0.32551885846       0.31481481481
       0.36833101225       0.35714285714
       0.39006554879               0.375
       0.45483244736       0.48630136986
       0.59219665285                 0.5
       0.59247305584       0.61111111111
       0.60951809235       0.61904761905
       0.68865783508       0.62601626016
       0.82628694535       0.66141732283
       0.96440262591       0.76923076923
       0.98533276364       0.77456647399
        1.1746249833       0.78571428571
        1.1881941378       0.81879194631
        1.3327387234       0.85227272727
        1.4174261198               0.875
        1.4285446987       0.90909090909
        1.5247952862       0.93548387097
        1.5750341233        0.9512195122
        1.6574022713       0.97192982456
        1.9324399681                   1
                   2                   1
