                0.02                0.07
                0.04               0.068
                0.06               0.067
                0.08               0.068
                 0.1               0.065
                0.12               0.067
                0.14               0.067
                0.16               0.065
                0.18               0.061
                 0.2                0.06
                0.22               0.058
                0.24               0.057
                0.26               0.054
                0.28               0.054
                 0.3               0.057
                0.32               0.057
                0.34               0.053
                0.36               0.051
                0.38               0.049
                 0.4               0.055
                0.42               0.053
                0.44                0.05
                0.46               0.051
                0.48               0.052
                 0.5               0.051
                0.52               0.051
                0.54               0.051
                0.56               0.047
                0.58                0.05
                 0.6               0.045
                0.62               0.045
                0.64               0.042
                0.66               0.047
                0.68               0.045
                 0.7               0.047
                0.72               0.045
                0.74               0.045
                0.76               0.047
                0.78               0.046
                 0.8               0.044
                0.82               0.045
                0.84               0.043
                0.86               0.044
                0.88               0.045
                 0.9               0.048
                0.92               0.046
                0.94               0.042
                0.96               0.038
                0.98               0.034
                   1               0.035
                1.02               0.037
                1.04               0.035
                1.06               0.039
                1.08               0.042
                 1.1               0.046
                1.12               0.046
                1.14               0.047
                1.16                0.05
                1.18               0.051
                 1.2               0.051
                1.22                0.05
                1.24               0.048
                1.26               0.047
                1.28               0.048
                 1.3               0.047
                1.32               0.044
                1.34               0.046
                1.36               0.046
                1.38               0.048
                 1.4               0.048
                1.42               0.044
                1.44               0.047
                1.46               0.049
                1.48                0.05
                 1.5                0.05
                1.52               0.051
                1.54                0.05
                1.56                0.05
                1.58               0.048
                 1.6               0.054
                1.62               0.056
                1.64               0.061
                1.66               0.058
                1.68               0.057
                 1.7               0.057
                1.72                0.06
                1.74               0.063
                1.76               0.062
                1.78                0.06
                 1.8               0.059
                1.82               0.058
                1.84               0.055
                1.86               0.051
                1.88               0.049
                 1.9               0.049
                1.92               0.049
                1.94               0.048
                1.96               0.048
                1.98               0.047
