                0.02               0.069
                0.04               0.069
                0.06               0.068
                0.08               0.067
                 0.1               0.063
                0.12               0.062
                0.14               0.065
                0.16               0.068
                0.18               0.066
                 0.2               0.065
                0.22               0.065
                0.24               0.067
                0.26               0.063
                0.28               0.064
                 0.3               0.063
                0.32               0.057
                0.34               0.053
                0.36               0.058
                0.38               0.056
                 0.4               0.059
                0.42               0.061
                0.44                0.06
                0.46               0.062
                0.48               0.057
                 0.5               0.055
                0.52               0.057
                0.54               0.057
                0.56               0.058
                0.58               0.059
                 0.6               0.056
                0.62               0.056
                0.64               0.059
                0.66               0.058
                0.68               0.057
                 0.7                0.05
                0.72                0.05
                0.74               0.048
                0.76               0.052
                0.78               0.048
                 0.8               0.047
                0.82               0.046
                0.84               0.048
                0.86               0.049
                0.88               0.048
                 0.9               0.052
                0.92               0.048
                0.94               0.047
                0.96               0.046
                0.98               0.045
                   1               0.044
                1.02               0.042
                1.04               0.046
                1.06               0.049
                1.08               0.045
                 1.1               0.049
                1.12               0.047
                1.14               0.048
                1.16               0.045
                1.18               0.044
                 1.2               0.048
                1.22               0.047
                1.24               0.044
                1.26               0.038
                1.28               0.037
                 1.3               0.039
                1.32               0.042
                1.34               0.043
                1.36               0.045
                1.38               0.043
                 1.4               0.046
                1.42               0.044
                1.44               0.042
                1.46               0.045
                1.48               0.041
                 1.5               0.036
                1.52               0.035
                1.54               0.038
                1.56               0.039
                1.58               0.039
                 1.6               0.037
                1.62               0.038
                1.64               0.039
                1.66               0.043
                1.68               0.038
                 1.7               0.039
                1.72               0.042
                1.74               0.042
                1.76                0.04
                1.78               0.038
                 1.8               0.038
                1.82               0.037
                1.84               0.042
                1.86               0.043
                1.88               0.043
                 1.9               0.045
                1.92               0.048
                1.94               0.048
                1.96               0.047
                1.98               0.047
