               0.002     0.0017438733233
               0.004     0.0034877910169
               0.006     0.0052317976664
               0.008     0.0069759382444
                0.01     0.0087202581546
               0.012      0.010464803187
               0.014      0.012209619458
               0.016       0.01395475335
               0.018      0.015700251454
                0.02      0.017446160508
               0.022      0.019192527335
               0.024      0.020939398791
               0.026      0.022686821696
               0.028      0.024434842783
                0.03      0.026183508633
               0.032      0.027932865617
               0.034      0.029682959837
               0.036      0.031433837066
               0.038      0.033185542689
                0.04      0.034938121642
               0.042      0.036691618352
               0.044      0.038446076682
               0.046      0.040201539861
               0.048      0.041958050436
                0.05      0.043715650203
               0.052      0.045474380148
               0.054      0.047234280392
               0.056      0.048995390123
               0.058      0.050757747541
                0.06      0.052521389793
               0.062      0.054286352913
               0.064      0.056052671764
               0.066       0.05782037997
               0.068      0.059589509858
                0.07      0.061360092399
               0.072      0.063132157137
               0.074      0.064905732134
               0.076      0.066680843906
               0.078      0.068457517355
                0.08      0.070235775712
               0.082      0.072015640467
               0.084      0.073797131311
               0.086      0.075580266064
               0.088       0.07736506062
                0.09      0.079151528872
               0.092      0.080939682859
               0.094      0.082729533572
               0.096      0.084521091308
               0.098      0.086314365653
                 0.1      0.088109365449
               0.102      0.089906098761
               0.104      0.091704572849
               0.106      0.093504794134
               0.108      0.095306768166
                0.11      0.097110499594
               0.112      0.098915992134
               0.114       0.10072324853
               0.116       0.10253227055
               0.118       0.10434305889
                0.12       0.10615561322
               0.122       0.10796993211
               0.124       0.10978601298
               0.126        0.1116038521
               0.128       0.11342344454
                0.13       0.11524478416
               0.132       0.11706786353
               0.134       0.11889267394
               0.136       0.12071920533
               0.138       0.12254744629
                0.14       0.12437738401
               0.142       0.12620900422
               0.144       0.12804229119
               0.146        0.1298772277
               0.148       0.13171379496
                0.15       0.13355197259
               0.152       0.13539173862
               0.154        0.1372330694
               0.156        0.1390759396
               0.158       0.14092032215
                0.16        0.1427661882
               0.162        0.1446135071
               0.164       0.14646224636
               0.166       0.14831237158
               0.168       0.15016384643
                0.17       0.15201663263
               0.172       0.15387068988
               0.174       0.15572597581
               0.176       0.15758244596
               0.178       0.15944005375
                0.18        0.1612987504
               0.182       0.16315848531
               0.184       0.16501920722
               0.186       0.16688086459
               0.188       0.16874340562
                0.19       0.17060677824
               0.192        0.1724709301
               0.194       0.17433580863
               0.196       0.17620136097
               0.198         0.178067534
                 0.2       0.17993427439
               0.202       0.18180152851
               0.204        0.1836692425
               0.206       0.18553736226
               0.208       0.18740583343
                0.21       0.18927460141
               0.212       0.19114361136
               0.214       0.19301280818
               0.216       0.19488213654
               0.218       0.19675154087
                0.22       0.19862096535
               0.222       0.20049035392
               0.224       0.20235965026
               0.226       0.20422879785
               0.228       0.20609773987
                0.23        0.2079664193
               0.232       0.20983477885
               0.234       0.21170276099
               0.236       0.21357030793
               0.238       0.21543736183
                0.24       0.21730386542
               0.242       0.21916976219
               0.244       0.22103499638
               0.246       0.22289951295
               0.248       0.22476325754
                0.25       0.22662617643
               0.252       0.22848821657
               0.254       0.23034932547
               0.256       0.23220945123
               0.258       0.23406854251
                0.26       0.23592654845
               0.262       0.23778341869
               0.264       0.23963910332
               0.266       0.24149355288
               0.268       0.24334671825
                0.27       0.24519855073
               0.272       0.24704900193
               0.274       0.24889802375
               0.276       0.25074556838
               0.278       0.25259158825
                0.28         0.254436036
               0.282       0.25627886444
               0.284       0.25812002653
               0.286       0.25995947534
               0.288       0.26179716403
                0.29        0.2636330458
               0.292       0.26546707391
               0.294        0.2672992019
               0.296       0.26912938384
               0.298       0.27095757429
                 0.3       0.27278372827
               0.302       0.27460780118
               0.304       0.27642974878
               0.306       0.27824952711
               0.308       0.28006709248
                0.31       0.28188240137
               0.312       0.28369541043
               0.314        0.2855060764
               0.316       0.28731435607
               0.318        0.2891202062
                0.32       0.29092358354
               0.322       0.29272444469
               0.324       0.29452274609
               0.326         0.296318444
               0.328       0.29811149439
                0.33        0.2999018529
               0.332       0.30168947482
               0.334         0.303474315
               0.336        0.3052563278
               0.338       0.30703546707
                0.34       0.30881168603
               0.342       0.31058493729
               0.344       0.31235517273
               0.346       0.31412234347
               0.348       0.31588639983
                0.35       0.31764729124
               0.352       0.31940496619
               0.354        0.3211593722
               0.356       0.32291045571
               0.358       0.32465816207
                0.36       0.32640243545
               0.362        0.3281432188
               0.364       0.32988045375
               0.366       0.33161408059
               0.368       0.33334403869
                0.37       0.33507026782
               0.372       0.33679270869
               0.374       0.33851130294
               0.376        0.3402259931
               0.378       0.34193672263
                0.38       0.34364343588
               0.382       0.34534607809
               0.384        0.3470445954
               0.386       0.34873893483
               0.388       0.35042904428
                0.39       0.35211487261
               0.392       0.35379637066
               0.394       0.35547349188
               0.396       0.35714619237
               0.398       0.35881443083
                 0.4       0.36047816848
               0.402       0.36213736904
               0.404       0.36379199867
               0.406       0.36544202593
               0.408       0.36708742168
                0.41       0.36872815912
               0.412       0.37036421365
               0.414       0.37199556287
               0.416       0.37362218655
               0.418       0.37524406652
                0.42       0.37686118666
               0.422       0.37847353286
               0.424       0.38008109297
               0.426       0.38168385689
               0.428       0.38328181671
                0.43       0.38487496665
               0.432       0.38646330308
               0.434       0.38804682439
               0.436       0.38962553105
               0.438       0.39119942551
                0.44       0.39276851216
               0.442       0.39433279733
               0.444       0.39589228921
               0.446       0.39744699786
               0.448       0.39899693511
                0.45       0.40054211457
               0.452        0.4020825516
               0.454        0.4036182632
               0.456       0.40514926807
               0.458        0.4066755865
                0.46       0.40819724037
               0.462       0.40971425309
               0.464       0.41122664958
               0.466       0.41273445622
               0.468       0.41423770083
                0.47       0.41573641262
               0.472       0.41723062213
               0.474       0.41872036126
               0.476       0.42020566315
               0.478       0.42168656221
                0.48       0.42316309405
               0.482       0.42463529544
               0.484        0.4261032043
               0.486       0.42756685961
               0.488       0.42902630145
                0.49        0.4304815709
               0.492       0.43193271002
               0.494       0.43337976181
               0.496       0.43482277019
               0.498       0.43626177995
                 0.5       0.43769683671
               0.502       0.43912798687
               0.504        0.4405552776
               0.506       0.44197875679
               0.508         0.443398473
                0.51       0.44481447544
               0.512        0.4462268139
               0.514       0.44763553876
               0.516       0.44904070091
               0.518       0.45044235173
                0.52       0.45184054304
               0.522       0.45323532706
               0.524       0.45462675639
               0.526       0.45601488394
               0.528       0.45739976291
                0.53       0.45878144675
               0.532        0.4601599891
               0.534       0.46153544377
               0.536       0.46290786469
               0.538       0.46427730586
                0.54       0.46564382132
               0.542        0.4670074651
               0.544        0.4683682912
               0.546        0.4697263536
               0.548       0.47108170633
                0.55       0.47243440339
               0.552       0.47378449875
               0.554       0.47513204624
               0.556       0.47647709958
               0.558       0.47781971224
                0.56       0.47915993747
               0.562       0.48049782819
               0.564       0.48183343699
               0.566       0.48316681603
               0.568       0.48449801703
                0.57       0.48582709119
               0.572       0.48715408914
               0.574       0.48847906092
               0.576       0.48980205587
               0.578       0.49112312264
                0.58       0.49244230908
               0.582       0.49375966222
               0.584       0.49507522821
               0.586       0.49638905233
               0.588       0.49770117918
                0.59       0.49901165263
               0.592       0.50032051579
               0.594       0.50162781098
               0.596       0.50293357963
               0.598       0.50423786227
                 0.6       0.50554069849
               0.602       0.50684212683
               0.604       0.50814218479
               0.606       0.50944090874
               0.608       0.51073833389
                0.61       0.51203449421
               0.612        0.5133294224
               0.614       0.51462314984
               0.616       0.51591570649
               0.618       0.51720712089
                0.62       0.51849742007
               0.622       0.51978662951
               0.624       0.52107477306
               0.626       0.52236187291
               0.628       0.52364794951
                0.63       0.52493302151
               0.632       0.52621710572
               0.634       0.52750021705
               0.636        0.5287823684
               0.638       0.53006357066
                0.64       0.53134383261
               0.642       0.53262316104
               0.644       0.53390156193
               0.646       0.53517904137
               0.648       0.53645560558
                0.65       0.53773126095
               0.652         0.539006014
               0.654       0.54027987136
               0.656       0.54155283979
               0.658       0.54282492617
                0.66       0.54409613746
               0.662       0.54536648072
               0.664       0.54663596311
               0.666       0.54790459184
               0.668        0.5491723742
                0.67       0.55043931752
               0.672       0.55170542919
               0.674       0.55297071663
               0.676       0.55423518731
               0.678       0.55549884875
                0.68       0.55676170851
               0.682       0.55802377418
               0.684       0.55928505337
               0.686       0.56054555368
               0.688       0.56180528272
                0.69       0.56306424806
               0.692       0.56432245725
               0.694       0.56557991776
               0.696       0.56683663703
               0.698        0.5680926224
                 0.7       0.56934788111
               0.702       0.57060242035
               0.704        0.5718562476
               0.706       0.57310937079
               0.708       0.57436179833
                0.71       0.57561353907
               0.712       0.57686460224
               0.714       0.57811499744
               0.716       0.57936473462
               0.718       0.58061382401
                0.72       0.58186227613
               0.722        0.5831101017
               0.724       0.58435731168
               0.726       0.58560391716
               0.728        0.5868499294
                0.73       0.58809535972
               0.732       0.58934021953
               0.734       0.59058452026
               0.736       0.59182827332
               0.738       0.59307149009
                0.74       0.59431418186
               0.742       0.59555635982
               0.744       0.59679803499
               0.746       0.59803921821
               0.748       0.59927992009
                0.75       0.60052015096
               0.752       0.60175992087
               0.754       0.60299923951
               0.756       0.60423811619
               0.758        0.6054765598
                0.76       0.60671457878
               0.762       0.60795218104
               0.764       0.60918937398
               0.766       0.61042616439
               0.768       0.61166255845
                0.77       0.61289856167
               0.772       0.61413417885
               0.774       0.61536941402
               0.776       0.61660427044
               0.778       0.61783875051
                0.78       0.61907285576
               0.782       0.62030658676
               0.784       0.62153994314
               0.786       0.62277292349
               0.788       0.62400552534
                0.79       0.62523774508
               0.792       0.62646957797
               0.794       0.62770101804
               0.796       0.62893205806
               0.798       0.63016268949
                 0.8       0.63139290244
               0.802       0.63262268561
               0.804       0.63385202622
               0.806       0.63508090999
               0.808       0.63630932108
                0.81       0.63753724203
               0.812        0.6387646537
               0.814       0.63999153524
               0.816       0.64121786399
               0.818       0.64244361549
                0.82       0.64366876337
               0.822       0.64489327931
               0.824       0.64611713299
               0.826       0.64734029202
               0.828       0.64856272202
                0.83        0.6497843876
               0.832       0.65100525308
               0.834       0.65222528257
               0.836       0.65344443995
               0.838       0.65466268882
                0.84       0.65587999251
               0.842        0.6570963141
               0.844       0.65831161633
               0.846       0.65952586167
               0.848       0.66073901222
                0.85       0.66195102978
               0.852       0.66316187576
               0.854       0.66437151121
               0.856        0.6655798968
               0.858       0.66678699278
                0.86       0.66799275898
               0.862        0.6691971548
               0.864       0.67040013918
               0.866       0.67160167058
               0.868       0.67280170697
                0.87       0.67400020581
               0.872       0.67519712404
               0.874       0.67639241804
               0.876       0.67758604363
               0.878       0.67877795604
                0.88       0.67996810988
               0.882       0.68115645915
               0.884       0.68234295719
               0.886       0.68352755669
               0.888        0.6847102096
                0.89       0.68589086721
               0.892       0.68706948004
               0.894       0.68824599786
               0.896       0.68942036965
               0.898       0.69059254359
                 0.9       0.69176246702
               0.902       0.69293008642
               0.904       0.69409534741
               0.906       0.69525819468
               0.908       0.69641857198
                0.91       0.69757642213
               0.912       0.69873168693
               0.914       0.69988430718
               0.916       0.70103422264
               0.918       0.70218137213
                0.92        0.7033256944
               0.922       0.70446712853
               0.924       0.70560561399
               0.926       0.70674109066
               0.928       0.70787349878
                0.93       0.70900277902
               0.932       0.71012887243
               0.934       0.71125172049
               0.936       0.71237126508
               0.938        0.7134874485
                0.94       0.71460021346
               0.942       0.71570950312
               0.944       0.71681526104
               0.946       0.71791743123
               0.948       0.71901595813
                0.95       0.72011078661
               0.952       0.72120186199
               0.954       0.72228913003
               0.956       0.72337253692
               0.958       0.72445202933
                0.96       0.72552755434
               0.962       0.72659905949
               0.964        0.7276664928
               0.966       0.72872980269
               0.968       0.72978893807
                0.97       0.73084384829
               0.972       0.73189448315
               0.974       0.73294079291
               0.976       0.73398272826
               0.978       0.73502024036
                0.98       0.73605328082
               0.982       0.73708180169
               0.984       0.73810575546
               0.986       0.73912509508
               0.988       0.74013977391
                0.99       0.74114974579
               0.992       0.74215496497
               0.994       0.74315538612
               0.996       0.74415096438
               0.998       0.74514165526
                   1       0.74612741474
               1.002       0.74710819918
               1.004       0.74808396537
               1.006       0.74905467048
               1.008       0.75002027211
                1.01       0.75098072839
               1.012       0.75193599828
               1.014       0.75288604169
               1.016       0.75383081957
               1.018       0.75477029391
                1.02       0.75570442785
               1.022       0.75663318562
               1.024       0.75755653263
               1.026       0.75847443538
               1.028       0.75938686156
                1.03       0.76029377995
               1.032       0.76119516053
               1.034       0.76209097438
               1.036       0.76298119378
               1.038       0.76386579212
                1.04       0.76474474398
               1.042       0.76561802508
               1.044       0.76648561231
               1.046       0.76734748372
               1.048       0.76820361851
                1.05       0.76905399707
               1.052       0.76989860091
               1.054       0.77073741275
               1.056       0.77157041643
               1.058         0.772397597
                1.06       0.77321894062
               1.062       0.77403443465
               1.064       0.77484406758
               1.066       0.77564782909
               1.068       0.77644570997
                1.07       0.77723770229
               1.072        0.7780237995
               1.074       0.77880399648
               1.076       0.77957828955
               1.078       0.78034667644
                1.08       0.78110915628
               1.082       0.78186572958
               1.084       0.78261639826
               1.086       0.78336116558
               1.088       0.78410003616
                1.09       0.78483301599
               1.092       0.78556011234
               1.094       0.78628133385
               1.096       0.78699669042
               1.098       0.78770619326
                 1.1       0.78840985486
               1.102       0.78910768895
               1.104       0.78979971052
               1.106       0.79048593579
               1.108       0.79116638219
                1.11       0.79184106835
               1.112       0.79251001407
               1.114       0.79317324033
               1.116       0.79383076926
               1.118       0.79448262411
                1.12       0.79512882925
               1.122       0.79576941014
               1.124       0.79640439331
               1.126       0.79703380637
               1.128       0.79765767794
                1.13       0.79827603768
               1.132       0.79888891623
               1.134       0.79949634522
               1.136       0.80009835723
               1.138       0.80069498578
                1.14       0.80128626529
               1.142       0.80187223129
               1.144       0.80245292058
               1.146       0.80302837128
               1.148       0.80359862279
                1.15       0.80416371573
               1.152       0.80472369194
               1.154       0.80527859441
               1.156       0.80582846727
               1.158       0.80637335574
                1.16       0.80691330609
               1.162       0.80744836562
               1.164       0.80797858261
               1.166       0.80850400627
               1.168       0.80902468673
                1.17       0.80954067498
               1.172       0.81005202283
               1.174       0.81055878289
               1.176        0.8110610085
               1.178       0.81155875373
                1.18        0.8120520733
               1.182       0.81254102256
               1.184       0.81302565744
               1.186        0.8135060344
               1.188       0.81398221043
                1.19       0.81445424296
               1.192       0.81492219001
               1.194       0.81538611029
               1.196       0.81584606315
               1.198       0.81630210855
                 1.2       0.81675430701
               1.202       0.81720271953
               1.204       0.81764740754
               1.206       0.81808843289
               1.208       0.81852585773
                1.21       0.81895974451
               1.212       0.81939015587
               1.214       0.81981715464
               1.216       0.82024080377
               1.218       0.82066116622
                1.22       0.82107830499
               1.222       0.82149228299
               1.224       0.82190316302
               1.226       0.82231100769
               1.228       0.82271587938
                1.23       0.82311784019
               1.232       0.82351695182
               1.234       0.82391327559
               1.236       0.82430687232
               1.238       0.82469780231
                1.24       0.82508612525
               1.242        0.8254719002
               1.244       0.82585518615
               1.246       0.82623604232
               1.248       0.82661452822
                1.25       0.82699070359
               1.252       0.82736462835
               1.254       0.82773636258
               1.256       0.82810596647
               1.258       0.82847350028
                1.26       0.82883902432
               1.262       0.82920259887
               1.264        0.8295642842
               1.266       0.82992414046
               1.268       0.83028222769
                1.27       0.83063860576
               1.272       0.83099333435
               1.274       0.83134647286
               1.276       0.83169808041
               1.278        0.8320482158
                1.28       0.83239693745
               1.282       0.83274430333
               1.284       0.83309037109
               1.286       0.83343519837
               1.288       0.83377884299
                1.29        0.8341213629
               1.292       0.83446281609
               1.294       0.83480326055
               1.296       0.83514275422
               1.298       0.83548135508
                 1.3       0.83581912145
               1.302       0.83615611203
               1.304       0.83649238587
               1.306       0.83682800228
               1.308       0.83716302081
                1.31       0.83749750121
               1.312       0.83783150334
               1.314       0.83816508717
               1.316        0.8384983127
               1.318       0.83883123994
                1.32        0.8391639288
               1.322       0.83949643914
               1.324       0.83982883061
               1.326        0.8401611627
               1.328       0.84049349461
                1.33       0.84082588526
               1.332       0.84115839322
               1.334       0.84149107664
               1.336       0.84182399323
               1.338       0.84215720019
                1.34       0.84249075417
               1.342       0.84282471124
               1.344       0.84315912679
               1.346       0.84349405552
               1.348       0.84382955137
                1.35       0.84416566749
               1.352       0.84450245616
               1.354       0.84483996877
               1.356       0.84517825574
               1.358       0.84551736649
                1.36       0.84585734938
               1.362       0.84619825165
               1.364       0.84654011939
               1.366       0.84688299747
               1.368        0.8472269295
                1.37       0.84757195774
               1.372       0.84791812312
               1.374       0.84826546511
               1.376       0.84861402173
               1.378       0.84896382943
                1.38       0.84931492312
               1.382       0.84966733603
               1.384       0.85002109973
               1.386       0.85037624401
               1.388       0.85073279689
                1.39        0.8510907845
               1.392       0.85145023109
               1.394       0.85181115895
               1.396       0.85217358897
               1.398       0.85253754168
                 1.4       0.85290303746
               1.402        0.8532700965
               1.404       0.85363873881
               1.406       0.85400898418
               1.408       0.85438085222
                1.41        0.8547543623
               1.412       0.85512953357
               1.414       0.85550638495
               1.416       0.85588493511
               1.418       0.85626520247
                1.42       0.85664720517
               1.422        0.8570309611
               1.424       0.85741648785
               1.426       0.85780380275
               1.428       0.85819292279
                1.43        0.8585838647
               1.432       0.85897664487
               1.434       0.85937127938
               1.436       0.85976778397
               1.438       0.86016617406
                1.44       0.86056646472
               1.442       0.86096867067
               1.444       0.86137280627
               1.446       0.86177888552
               1.448       0.86218692204
                1.45        0.8625969291
               1.452       0.86300891954
               1.454       0.86342290584
               1.456       0.86383890008
               1.458       0.86425691393
                1.46       0.86467695865
               1.462       0.86509904508
               1.464       0.86552318364
               1.466       0.86594938433
               1.468        0.8663776567
                1.47       0.86680800988
               1.472       0.86724045253
               1.474       0.86767499287
               1.476       0.86811163867
               1.478       0.86855039722
                1.48       0.86899127536
               1.482       0.86943427945
               1.484       0.86987941537
               1.486        0.8703266885
               1.488       0.87077610376
                1.49       0.87122766557
               1.492       0.87168137782
               1.494       0.87213724394
               1.496       0.87259526682
               1.498       0.87305544884
                 1.5       0.87351779188
               1.502       0.87398229727
               1.504       0.87444896584
               1.506       0.87491779785
               1.508       0.87538879306
                1.51       0.87586195066
               1.512       0.87633726932
               1.514       0.87681474712
               1.516       0.87729438162
               1.518        0.8777761698
                1.52       0.87826010808
               1.522        0.8787461923
               1.524       0.87923441775
               1.526       0.87972477913
               1.528       0.88021727053
                1.53       0.88071188549
               1.532       0.88120861694
               1.534       0.88170745722
               1.536       0.88220839805
               1.538       0.88271143057
                1.54        0.8832165453
               1.542       0.88372373214
               1.544       0.88423298036
               1.546       0.88474427864
               1.548       0.88525761501
                1.55       0.88577297691
               1.552       0.88629035131
               1.554       0.88680972473
               1.556       0.88733108323
               1.558       0.88785441242
                1.56       0.88837969745
               1.562       0.88890692301
               1.564       0.88943607336
               1.566       0.88996713227
               1.568       0.89050008308
                1.57       0.89103490867
               1.572       0.89157159145
               1.574       0.89211011339
               1.576       0.89265045599
               1.578       0.89319260032
                1.58       0.89373652695
               1.582       0.89428221603
               1.584       0.89482964723
               1.586       0.89537879979
               1.588       0.89592965245
                1.59       0.89648218352
               1.592       0.89703637085
               1.594       0.89759219182
               1.596       0.89814962336
               1.598       0.89870864193
                 1.6       0.89926922353
               1.602        0.8998313437
               1.604       0.90039497752
               1.606       0.90096009961
               1.608        0.9015266841
                1.61        0.9020947047
               1.612       0.90266413462
               1.614        0.9032349466
               1.616       0.90380711294
               1.618       0.90438060544
                1.62       0.90495539546
               1.622       0.90553145386
               1.624       0.90610875105
               1.626       0.90668725695
               1.628       0.90726694101
                1.63        0.9078477722
               1.632       0.90842971902
               1.634       0.90901274948
               1.636       0.90959683112
               1.638       0.91018193097
                1.64       0.91076801561
               1.642        0.9113550511
               1.644       0.91194300302
               1.646       0.91253183647
               1.648       0.91312151603
                1.65       0.91371200581
               1.652        0.9143032694
               1.654       0.91489526989
               1.656       0.91548796987
               1.658       0.91608133142
                1.66       0.91667531611
               1.662       0.91726988499
               1.664       0.91786499858
               1.666       0.91846061691
               1.668       0.91905669945
                1.67       0.91965320517
               1.672        0.9202500925
               1.674       0.92084731931
               1.676       0.92144484295
               1.678       0.92204262024
                1.68       0.92264060743
               1.682       0.92323876027
               1.684       0.92383703401
               1.686       0.92443538336
               1.688       0.92503376251
                1.69       0.92563212512
               1.692       0.92623042433
               1.694       0.92682861273
               1.696       0.92742664239
               1.698        0.9280244648
                 1.7       0.92862203093
               1.702       0.92921929118
               1.704        0.9298161954
               1.706       0.93041269287
               1.708       0.93100873255
                1.71       0.93160426344
               1.712       0.93219923464
               1.714       0.93279359534
               1.716       0.93338729491
               1.718       0.93398028325
                1.72       0.93457251108
               1.722       0.93516393003
               1.724       0.93575449254
               1.726       0.93634415195
               1.728       0.93693286241
                1.73       0.93752057891
               1.732       0.93810725729
               1.734       0.93869285418
               1.736       0.93927732706
               1.738        0.9398606342
                1.74       0.94044273467
               1.742       0.94102358833
               1.744       0.94160315585
               1.746       0.94218139867
               1.748       0.94275827901
                1.75       0.94333375985
               1.752       0.94390780495
               1.754       0.94448037881
               1.756       0.94505144671
               1.758       0.94562097465
                1.76       0.94618892939
               1.762       0.94675527841
               1.764       0.94731998994
               1.766       0.94788303292
               1.768       0.94844437703
                1.77       0.94900399264
               1.772       0.94956185084
               1.774       0.95011792345
               1.776       0.95067218296
               1.778       0.95122460256
                1.78       0.95177515615
               1.782       0.95232381829
               1.784       0.95287056426
               1.786       0.95341536998
               1.788       0.95395821207
                1.79       0.95449906781
               1.792       0.95503791514
               1.794       0.95557473267
               1.796       0.95610949966
               1.798       0.95664219603
                 1.8       0.95717280234
               1.802       0.95770129981
               1.804       0.95822767028
               1.806       0.95875189625
               1.808       0.95927396082
                1.81       0.95979384782
               1.812       0.96031154193
               1.814       0.96082702878
               1.816       0.96134029497
               1.818         0.961851328
                1.82       0.96236011632
               1.822       0.96286664928
               1.824       0.96337091711
               1.826       0.96387291095
               1.828       0.96437262281
                1.83       0.96487004555
               1.832        0.9653651729
               1.834       0.96585799942
               1.836       0.96634852051
               1.838       0.96683673238
                1.84       0.96732263207
               1.842       0.96780621739
               1.844       0.96828748696
               1.846       0.96876644018
               1.848        0.9692430772
                1.85       0.96971739893
               1.852       0.97018940705
               1.854       0.97065910396
               1.856       0.97112649277
               1.858       0.97159157734
                1.86       0.97205436232
               1.862       0.97251485347
               1.864       0.97297305768
               1.866         0.973428983
               1.868       0.97388263855
                1.87       0.97433403457
               1.872       0.97478318236
               1.874       0.97523009426
               1.876       0.97567478364
               1.878       0.97611726487
                1.88       0.97655755332
               1.882        0.9769956653
               1.884       0.97743161809
               1.886       0.97786542988
               1.888       0.97829711977
                1.89       0.97872670775
               1.892       0.97915421468
               1.894       0.97957966223
               1.896       0.98000307295
               1.898       0.98042447016
                 1.9       0.98084387797
               1.902       0.98126132129
               1.904       0.98167682574
               1.906       0.98209041771
               1.908       0.98250212426
                1.91       0.98291197317
               1.912        0.9833199929
               1.914       0.98372621255
               1.916       0.98413066185
               1.918       0.98453337118
                1.92        0.9849343715
               1.922       0.98533369435
               1.924       0.98573137183
               1.926        0.9861274366
               1.928       0.98652192184
                1.93       0.98691486123
               1.932       0.98730628907
               1.934       0.98769624037
               1.936        0.9880847509
               1.938       0.98847185712
                1.94       0.98885759622
               1.942       0.98924200604
               1.944       0.98962512506
               1.946       0.99000699238
               1.948       0.99038764771
                1.95       0.99076713131
               1.952       0.99114548399
               1.954       0.99152274708
               1.956       0.99189896242
               1.958       0.99227417231
                1.96       0.99264841949
               1.962       0.99302174713
               1.964       0.99339419881
               1.966       0.99376581847
               1.968       0.99413665041
                1.97       0.99450673926
               1.972       0.99487612994
               1.974       0.99524486766
               1.976       0.99561299789
               1.978       0.99598056631
                1.98       0.99634761883
               1.982       0.99671420155
               1.984       0.99708036071
               1.986       0.99744614279
               1.988       0.99781159448
                1.99       0.99817676263
               1.992       0.99854169427
               1.994       0.99890643654
               1.996       0.99927103669
               1.998       0.99963554205
                   2                   1
