               0.002   -0.00031480230108
               0.004   -0.00062377917288
               0.006   -0.00092700180377
               0.008    -0.0012245409351
                0.01    -0.0015164668594
               0.012    -0.0018028494187
               0.014    -0.0020837580032
               0.016    -0.0023592615489
               0.018    -0.0026294285369
                0.02    -0.0028943269914
               0.022    -0.0031540244782
               0.024    -0.0034085881035
               0.026    -0.0036580845123
               0.028     -0.003902579887
                0.03    -0.0041421399466
               0.032    -0.0043768299445
               0.034    -0.0046067146681
               0.036    -0.0048318584373
               0.038    -0.0050523251032
                0.04    -0.0052681780475
               0.042    -0.0054794801809
               0.044    -0.0056862939422
               0.046    -0.0058886812977
               0.048    -0.0060867037401
                0.05    -0.0062804222872
               0.052    -0.0064698974819
               0.054    -0.0066551893906
               0.056    -0.0068363576031
               0.058    -0.0070134612315
                0.06    -0.0071865589097
               0.062    -0.0073557087929
               0.064     -0.007520968557
               0.066    -0.0076823953979
               0.068    -0.0078400460313
                0.07    -0.0079939766924
               0.072    -0.0081442431349
               0.074    -0.0082909006315
               0.076    -0.0084340039733
               0.078    -0.0085736074692
                0.08    -0.0087097649465
               0.082      -0.00884252975
               0.084    -0.0089719547425
               0.086    -0.0090980923045
               0.088    -0.0092209943343
                0.09     -0.009340712248
               0.092    -0.0094572969797
               0.094    -0.0095707989815
               0.096     -0.009681268224
               0.098    -0.0097887541963
                 0.1    -0.0098933059065
               0.102    -0.0099949718818
               0.104     -0.010093800169
               0.106     -0.010189838336
               0.108     -0.010283133469
                0.11     -0.010373732177
               0.112     -0.010461680592
               0.114     -0.010547024365
               0.116     -0.010629808673
               0.118     -0.010710078216
                0.12     -0.010787877217
               0.122     -0.010863249427
               0.124     -0.010936238121
               0.126     -0.011006886102
               0.128     -0.011075235702
                0.13     -0.011141328781
               0.132     -0.011205206729
               0.134     -0.011266910469
               0.136     -0.011326480454
               0.138     -0.011383956673
                0.14     -0.011439378649
               0.142     -0.011492785441
               0.144     -0.011544215645
               0.146     -0.011593707396
               0.148     -0.011641298371
                0.15     -0.011687025787
               0.152     -0.011730926405
               0.154     -0.011773036529
               0.156     -0.011813392012
               0.158     -0.011852028254
                0.16     -0.011888980205
               0.162     -0.011924282365
               0.164     -0.011957968788
               0.166     -0.011990073084
               0.168     -0.012020628418
                0.17     -0.012049667515
               0.172     -0.012077222661
               0.174     -0.012103325703
               0.176     -0.012128008054
               0.178     -0.012151300692
                0.18     -0.012173234166
               0.182     -0.012193838594
               0.184     -0.012213143667
               0.186     -0.012231178653
               0.188     -0.012247972395
                0.19     -0.012263553318
               0.192     -0.012277949427
               0.194     -0.012291188313
               0.196     -0.012303297152
               0.198     -0.012314302712
                 0.2     -0.012324231349
               0.202     -0.012333109016
               0.204     -0.012340961261
               0.206     -0.012347813232
               0.208     -0.012353689678
                0.21     -0.012358614953
               0.212     -0.012362613018
               0.214     -0.012365707444
               0.216     -0.012367921413
               0.218     -0.012369277724
                0.22     -0.012369798794
               0.222     -0.012369506658
               0.224     -0.012368422979
               0.226     -0.012366569042
               0.228     -0.012363965765
                0.23     -0.012360633696
               0.232     -0.012356593019
               0.234     -0.012351863557
               0.236     -0.012346464772
               0.238     -0.012340415774
                0.24     -0.012333735316
               0.242     -0.012326441805
               0.244     -0.012318553299
               0.246     -0.012310087514
               0.248     -0.012301061826
                0.25     -0.012291493272
               0.252     -0.012281398557
               0.254     -0.012270794054
               0.256     -0.012259695811
               0.258     -0.012248119548
                0.26     -0.012236080668
               0.262     -0.012223594254
               0.264     -0.012210675076
               0.266     -0.012197337591
               0.268      -0.01218359595
                0.27     -0.012169463999
               0.272     -0.012154955285
               0.274     -0.012140083055
               0.276     -0.012124860263
               0.278     -0.012109299571
                0.28     -0.012093413356
               0.282      -0.01207721371
               0.284     -0.012060712444
               0.286     -0.012043921093
               0.288     -0.012026850918
                0.29      -0.01200951291
               0.292     -0.011991917794
               0.294     -0.011974076032
               0.296     -0.011955997825
               0.298      -0.01193769312
                 0.3     -0.011919171611
               0.302     -0.011900442743
               0.304     -0.011881515714
               0.306     -0.011862399483
               0.308     -0.011843102768
                0.31     -0.011823634054
               0.312     -0.011804001594
               0.314     -0.011784213414
               0.316     -0.011764277313
               0.318     -0.011744200874
                0.32     -0.011723991459
               0.322     -0.011703656217
               0.324     -0.011683202089
               0.326     -0.011662635808
               0.328     -0.011641963904
                0.33     -0.011621192707
               0.332     -0.011600328352
               0.334     -0.011579376782
               0.336      -0.01155834375
               0.338     -0.011537234823
                0.34     -0.011516055387
               0.342     -0.011494810649
               0.344     -0.011473505643
               0.346     -0.011452145227
               0.348     -0.011430734096
                0.35     -0.011409276776
               0.352     -0.011387777634
               0.354     -0.011366240879
               0.356     -0.011344670564
               0.358     -0.011323070593
                0.36      -0.01130144472
               0.362     -0.011279796556
               0.364     -0.011258129571
               0.366     -0.011236447096
               0.368     -0.011214752328
                0.37     -0.011193048333
               0.372      -0.01117133805
               0.374      -0.01114962429
               0.376     -0.011127909745
               0.378     -0.011106196987
                0.38     -0.011084488475
               0.382     -0.011062786554
               0.384      -0.01104109346
               0.386     -0.011019411323
               0.388      -0.01099774217
                0.39     -0.010976087929
               0.392      -0.01095445043
               0.394     -0.010932831409
               0.396     -0.010911232511
               0.398     -0.010889655295
                 0.4      -0.01086810123
               0.402     -0.010846571708
               0.404     -0.010825068036
               0.406     -0.010803591448
               0.408     -0.010782143103
                0.41     -0.010760724087
               0.412     -0.010739335419
               0.414      -0.01071797805
               0.416     -0.010696652868
               0.418     -0.010675360701
                0.42     -0.010654102318
               0.422      -0.01063287843
               0.424     -0.010611689697
               0.426     -0.010590536725
               0.428     -0.010569420074
                0.43     -0.010548340255
               0.432     -0.010527297735
               0.434     -0.010506292939
               0.436     -0.010485326251
               0.438      -0.01046439802
                0.44     -0.010443508554
               0.442     -0.010422658132
               0.444     -0.010401846999
               0.446     -0.010381075368
               0.448     -0.010360343427
                0.45     -0.010339651337
               0.452     -0.010318999232
               0.454     -0.010298387226
               0.456      -0.01027781541
               0.458     -0.010257283855
                0.46     -0.010236792615
               0.462     -0.010216341728
               0.464     -0.010195931214
               0.466     -0.010175561083
               0.468     -0.010155231328
                0.47     -0.010134941933
               0.472     -0.010114692874
               0.474     -0.010094484113
               0.476     -0.010074315609
               0.478     -0.010054187311
                0.48     -0.010034099163
               0.482     -0.010014051104
               0.484    -0.0099940430689
               0.486    -0.0099740749878
               0.488    -0.0099541467891
                0.49    -0.0099342583988
               0.492     -0.009914409741
               0.494    -0.0098946007386
               0.496    -0.0098748313136
               0.498    -0.0098551013875
                 0.5    -0.0098354108818
               0.502    -0.0098157597178
               0.504    -0.0097961478168
               0.506    -0.0097765751004
               0.508    -0.0097570414903
                0.51    -0.0097375469084
               0.512    -0.0097180912767
               0.514    -0.0096986745174
               0.516    -0.0096792965528
               0.518    -0.0096599573054
                0.52    -0.0096406566978
               0.522    -0.0096213946529
               0.524    -0.0096021710935
               0.526    -0.0095829859429
               0.528    -0.0095638391242
                0.53    -0.0095447305609
               0.532    -0.0095256601765
               0.534    -0.0095066278948
               0.536    -0.0094876336396
               0.538    -0.0094686773349
                0.54     -0.009449758905
               0.542    -0.0094308782741
               0.544    -0.0094120353668
               0.546    -0.0093932301075
               0.548    -0.0093744624213
                0.55    -0.0093557322329
               0.552    -0.0093370394674
               0.554    -0.0093183840501
               0.556    -0.0092997659063
               0.558    -0.0092811849617
                0.56    -0.0092626411418
               0.562    -0.0092441343724
               0.564    -0.0092256645796
               0.566    -0.0092072316895
               0.568    -0.0091888356283
                0.57    -0.0091704763225
               0.572    -0.0091521536986
               0.574    -0.0091338676833
               0.576    -0.0091156182035
               0.578    -0.0090974051861
                0.58    -0.0090792285585
               0.582    -0.0090610882477
               0.584    -0.0090429841813
               0.586    -0.0090249162869
               0.588    -0.0090068844921
                0.59    -0.0089888887249
               0.592    -0.0089709289132
               0.594    -0.0089530049853
               0.596    -0.0089351168694
               0.598     -0.008917264494
                 0.6    -0.0088994477877
               0.602    -0.0088816666791
               0.604    -0.0088639210973
               0.606    -0.0088462109711
               0.608    -0.0088285362298
                0.61    -0.0088108968026
               0.612    -0.0087932926191
               0.614    -0.0087757236087
               0.616    -0.0087581897012
               0.618    -0.0087406908265
                0.62    -0.0087232269146
               0.622    -0.0087057978956
               0.624    -0.0086884036998
               0.626    -0.0086710442576
               0.628    -0.0086537194997
                0.63    -0.0086364293566
               0.632    -0.0086191737592
               0.634    -0.0086019526386
               0.636    -0.0085847659257
               0.638     -0.008567613552
                0.64    -0.0085504954487
               0.642    -0.0085334115474
               0.644    -0.0085163617797
               0.646    -0.0084993460775
               0.648    -0.0084823643727
                0.65    -0.0084654165974
               0.652    -0.0084485026838
               0.654    -0.0084316225642
               0.656     -0.008414776171
               0.658     -0.008397963437
                0.66    -0.0083811842949
               0.662    -0.0083644386775
               0.664    -0.0083477265179
               0.666    -0.0083310477492
               0.668    -0.0083144023047
                0.67    -0.0082977901178
               0.672    -0.0082812111221
               0.674    -0.0082646652512
               0.676     -0.008248152439
               0.678    -0.0082316726195
                0.68    -0.0082152257266
               0.682    -0.0081988116946
               0.684     -0.008182430458
               0.686     -0.008166081951
               0.688    -0.0081497661084
                0.69    -0.0081334828648
               0.692    -0.0081172321552
               0.694    -0.0081010139146
               0.696     -0.008084828078
               0.698    -0.0080686745807
                 0.7    -0.0080525533581
               0.702    -0.0080364643458
               0.704    -0.0080204074793
               0.706    -0.0080043826945
               0.708    -0.0079883899272
                0.71    -0.0079724291135
               0.712    -0.0079565001895
               0.714    -0.0079406030915
               0.716    -0.0079247377559
               0.718    -0.0079089041193
                0.72    -0.0078931021184
               0.722    -0.0078773316898
               0.724    -0.0078615927706
               0.726    -0.0078458852978
               0.728    -0.0078302092085
                0.73    -0.0078145644401
               0.732    -0.0077989509299
               0.734    -0.0077833686155
               0.736    -0.0077678174347
               0.738    -0.0077522973251
                0.74    -0.0077368082247
               0.742    -0.0077213500716
               0.744    -0.0077059228038
               0.746    -0.0076905263598
               0.748    -0.0076751606779
                0.75    -0.0076598256966
               0.752    -0.0076445213547
               0.754    -0.0076292475908
               0.756     -0.007614004344
               0.758    -0.0075987915531
                0.76    -0.0075836091575
               0.762    -0.0075684570963
               0.764    -0.0075533353089
               0.766    -0.0075382437349
               0.768    -0.0075231823139
                0.77    -0.0075081509856
               0.772    -0.0074931496899
               0.774    -0.0074781783668
               0.776    -0.0074632369565
               0.778    -0.0074483253991
                0.78     -0.007433443635
               0.782    -0.0074185916047
               0.784    -0.0074037692488
               0.786     -0.007388976508
               0.788    -0.0073742133231
                0.79    -0.0073594796351
               0.792    -0.0073447753849
               0.794    -0.0073301005139
               0.796    -0.0073154549633
               0.798    -0.0073008386746
                 0.8    -0.0072862515892
               0.802    -0.0072716936488
               0.804    -0.0072571647952
               0.806    -0.0072426649702
               0.808     -0.007228194116
                0.81    -0.0072137521745
               0.812     -0.007199339088
               0.814     -0.007184954799
               0.816    -0.0071705992497
               0.818    -0.0071562723828
                0.82    -0.0071419741411
               0.822    -0.0071277044672
               0.824    -0.0071134633042
               0.826     -0.007099250595
               0.828    -0.0070850662829
                0.83     -0.007070910311
               0.832    -0.0070567826228
               0.834    -0.0070426831617
               0.836    -0.0070286118714
               0.838    -0.0070145686955
                0.84    -0.0070005535779
               0.842    -0.0069865664625
               0.844    -0.0069726072934
               0.846    -0.0069586760147
               0.848    -0.0069447725708
                0.85    -0.0069308969059
               0.852    -0.0069170489647
               0.854    -0.0069032286916
               0.856    -0.0068894360315
               0.858    -0.0068756709291
                0.86    -0.0068619333294
               0.862    -0.0068482231775
               0.864    -0.0068345404185
               0.866    -0.0068208849976
               0.868    -0.0068072568603
                0.87     -0.006793655952
               0.872    -0.0067800822184
               0.874    -0.0067665356051
               0.876    -0.0067530160579
               0.878    -0.0067395235228
                0.88    -0.0067260579458
               0.882    -0.0067126192731
               0.884    -0.0066992074508
               0.886    -0.0066858224254
               0.888    -0.0066724641433
                0.89    -0.0066591325511
               0.892    -0.0066458275954
               0.894     -0.006632549223
               0.896    -0.0066192973808
               0.898    -0.0066060720158
                 0.9    -0.0065928730751
               0.902    -0.0065797005059
               0.904    -0.0065665542555
               0.906    -0.0065534342714
               0.908     -0.006540340501
                0.91    -0.0065272728919
               0.912     -0.006514231392
               0.914     -0.006501215949
               0.916    -0.0064882265109
               0.918    -0.0064752630256
                0.92    -0.0064623254415
               0.922    -0.0064494137066
               0.924    -0.0064365277695
               0.926    -0.0064236675784
               0.928     -0.006410833082
                0.93     -0.006398024229
               0.932     -0.006385240968
               0.934    -0.0063724832481
               0.936    -0.0063597510181
               0.938     -0.006347044227
                0.94    -0.0063343628242
               0.942    -0.0063217067589
               0.944    -0.0063090759803
               0.946    -0.0062964704381
               0.948    -0.0062838900818
                0.95     -0.006271334861
               0.952    -0.0062588047256
               0.954    -0.0062462996254
               0.956    -0.0062338195105
               0.958    -0.0062213643308
                0.96    -0.0062089340365
               0.962    -0.0061965285781
               0.964    -0.0061841479057
               0.966      -0.00617179197
               0.968    -0.0061594607214
                0.97    -0.0061471541106
               0.972    -0.0061348720885
               0.974    -0.0061226146059
               0.976    -0.0061103816138
               0.978    -0.0060981730632
                0.98    -0.0060859889053
               0.982    -0.0060738290913
               0.984    -0.0060616935727
               0.986    -0.0060495823009
               0.988    -0.0060374952274
                0.99    -0.0060254323039
               0.992    -0.0060133934821
               0.994    -0.0060013787139
               0.996    -0.0059893879512
               0.998    -0.0059774211461
                   1    -0.0059654782507
               1.002    -0.0059535592172
               1.004     -0.005941663998
               1.006    -0.0059297925454
               1.008     -0.005917944812
                1.01    -0.0059061207504
               1.012    -0.0058943203132
               1.014    -0.0058825434534
               1.016    -0.0058707901237
               1.018    -0.0058590602772
                1.02     -0.005847353867
               1.022    -0.0058356708462
               1.024     -0.005824011168
               1.026     -0.005812374786
               1.028    -0.0058007616534
                1.03    -0.0057891717239
               1.032    -0.0057776049511
               1.034    -0.0057660612887
               1.036    -0.0057545406905
               1.038    -0.0057430431106
                1.04    -0.0057315685028
               1.042    -0.0057201168213
               1.044    -0.0057086880202
               1.046     -0.005697282054
               1.048    -0.0056858988768
                1.05    -0.0056745384433
               1.052    -0.0056632007079
               1.054    -0.0056518856254
               1.056    -0.0056405931503
               1.058    -0.0056293232377
                1.06    -0.0056180758424
               1.062    -0.0056068509194
               1.064    -0.0055956484238
               1.066    -0.0055844683108
               1.068    -0.0055733105356
                1.07    -0.0055621750537
               1.072    -0.0055510618206
               1.074    -0.0055399707917
               1.076    -0.0055289019226
               1.078    -0.0055178551692
                1.08    -0.0055068304872
               1.082    -0.0054958278326
               1.084    -0.0054848471613
               1.086    -0.0054738884293
               1.088    -0.0054629515929
                1.09    -0.0054520366084
               1.092     -0.005441143432
               1.094    -0.0054302720201
               1.096    -0.0054194223294
               1.098    -0.0054085943164
                 1.1    -0.0053977879377
               1.102    -0.0053870031502
               1.104    -0.0053762399108
               1.106    -0.0053654981762
               1.108    -0.0053547779037
                1.11    -0.0053440790504
               1.112    -0.0053334015733
               1.114    -0.0053227454298
               1.116    -0.0053121105774
               1.118    -0.0053014969734
                1.12    -0.0052909045753
               1.122     -0.005280333341
               1.124    -0.0052697832279
               1.126     -0.005259254194
               1.128    -0.0052487461971
                1.13    -0.0052382591952
               1.132    -0.0052277931464
               1.134    -0.0052173480087
               1.136    -0.0052069237404
               1.138    -0.0051965202998
                1.14    -0.0051861376453
               1.142    -0.0051757757354
               1.144    -0.0051654345286
               1.146    -0.0051551139835
               1.148    -0.0051448140589
                1.15    -0.0051345347136
               1.152    -0.0051242759064
               1.154    -0.0051140375963
               1.156    -0.0051038197424
               1.158    -0.0050936223037
                1.16    -0.0050834452396
               1.162    -0.0050732885092
               1.164     -0.005063152072
               1.166    -0.0050530358874
               1.168     -0.005042939915
                1.17    -0.0050328641143
               1.172    -0.0050228084451
               1.174    -0.0050127728671
               1.176    -0.0050027573403
               1.178    -0.0049927618244
                1.18    -0.0049827862796
               1.182     -0.004972830666
               1.184    -0.0049628949437
               1.186     -0.004952979073
               1.188    -0.0049430830142
                1.19    -0.0049332067278
               1.192    -0.0049233501741
               1.194    -0.0049135133139
               1.196    -0.0049036961078
               1.198    -0.0048938985164
                 1.2    -0.0048841205007
               1.202    -0.0048743620214
               1.204    -0.0048646230396
               1.206    -0.0048549035163
               1.208    -0.0048452034126
                1.21    -0.0048355226897
               1.212    -0.0048258613089
               1.214    -0.0048162192316
               1.216    -0.0048065964192
               1.218    -0.0047969928331
                1.22     -0.004787408435
               1.222    -0.0047778431866
               1.224    -0.0047682970495
               1.226    -0.0047587699857
               1.228    -0.0047492619569
                1.23    -0.0047397729252
               1.232    -0.0047303028526
               1.234    -0.0047208517012
               1.236    -0.0047114194332
               1.238    -0.0047020060109
                1.24    -0.0046926113966
               1.242    -0.0046832355528
               1.244    -0.0046738784419
               1.246    -0.0046645400265
               1.248    -0.0046552202694
                1.25     -0.004645919133
               1.252    -0.0046366365804
               1.254    -0.0046273725744
               1.256    -0.0046181270778
               1.258    -0.0046089000537
                1.26    -0.0045996914653
               1.262    -0.0045905012756
               1.264    -0.0045813294479
               1.266    -0.0045721759456
               1.268     -0.004563040732
                1.27    -0.0045539237705
               1.272    -0.0045448250247
               1.274    -0.0045357444583
               1.276    -0.0045266820348
               1.278    -0.0045176377181
                1.28    -0.0045086114719
               1.282    -0.0044996032602
               1.284    -0.0044906130469
               1.286     -0.004481640796
               1.288    -0.0044726864717
                1.29    -0.0044637500382
               1.292    -0.0044548314597
               1.294    -0.0044459307005
               1.296     -0.004437047725
               1.298    -0.0044281824977
                 1.3    -0.0044193349832
               1.302     -0.004410505146
               1.304    -0.0044016929509
               1.306    -0.0043928983625
               1.308    -0.0043841213457
                1.31    -0.0043753618654
               1.312    -0.0043666198866
               1.314    -0.0043578953742
               1.316    -0.0043491882934
               1.318    -0.0043404986094
                1.32    -0.0043318262874
               1.322    -0.0043231712927
               1.324    -0.0043145335907
               1.326    -0.0043059131469
               1.328    -0.0042973099267
                1.33    -0.0042887238957
               1.332    -0.0042801550196
               1.334    -0.0042716032642
               1.336    -0.0042630685952
               1.338    -0.0042545509785
                1.34    -0.0042460503799
               1.342    -0.0042375667656
               1.344    -0.0042291001016
               1.346    -0.0042206503539
               1.348    -0.0042122174889
                1.35    -0.0042038014728
               1.352    -0.0041954022718
               1.354    -0.0041870198525
               1.356    -0.0041786541812
               1.358    -0.0041703052246
                1.36    -0.0041619729492
               1.362    -0.0041536573217
               1.364    -0.0041453583088
               1.366    -0.0041370758774
               1.368    -0.0041288099943
                1.37    -0.0041205606264
               1.372    -0.0041123277408
               1.374    -0.0041041113045
               1.376    -0.0040959112847
               1.378    -0.0040877276484
                1.38    -0.0040795603632
               1.382    -0.0040714093961
               1.384    -0.0040632747147
               1.386    -0.0040551562864
               1.388    -0.0040470540788
                1.39    -0.0040389680593
               1.392    -0.0040308981957
               1.394    -0.0040228444558
               1.396    -0.0040148068072
               1.398    -0.0040067852178
                 1.4    -0.0039987796556
               1.402    -0.0039907900886
               1.404    -0.0039828164846
               1.406     -0.003974858812
               1.408    -0.0039669170388
                1.41    -0.0039589911333
               1.412    -0.0039510810637
               1.414    -0.0039431867985
               1.416     -0.003935308306
               1.418    -0.0039274455548
                1.42    -0.0039195985133
               1.422    -0.0039117671503
               1.424    -0.0039039514343
               1.426    -0.0038961513341
               1.428    -0.0038883668185
                1.43    -0.0038805978565
               1.432    -0.0038728444168
               1.434    -0.0038651064685
               1.436    -0.0038573839806
               1.438    -0.0038496769223
                1.44    -0.0038419852626
               1.442     -0.003834308971
               1.444    -0.0038266480165
               1.446    -0.0038190023687
               1.448    -0.0038113719969
                1.45    -0.0038037568705
               1.452    -0.0037961569592
               1.454    -0.0037885722326
               1.456    -0.0037810026602
               1.458    -0.0037734482119
                1.46    -0.0037659088573
               1.462    -0.0037583845664
               1.464     -0.003750875309
               1.466    -0.0037433810551
               1.468    -0.0037359017748
                1.47    -0.0037284374381
               1.472    -0.0037209880151
               1.474    -0.0037135534761
               1.476    -0.0037061337913
               1.478    -0.0036987289311
                1.48    -0.0036913388657
               1.482    -0.0036839635657
               1.484    -0.0036766030016
               1.486    -0.0036692571439
               1.488    -0.0036619259633
                1.49    -0.0036546094303
               1.492    -0.0036473075158
               1.494    -0.0036400201905
               1.496    -0.0036327474253
               1.498    -0.0036254891911
                 1.5    -0.0036182454589
               1.502    -0.0036110161997
               1.504    -0.0036038013844
               1.506    -0.0035966009843
               1.508    -0.0035894149702
                1.51     -0.003582243313
               1.512    -0.0035750859831
               1.514    -0.0035679429506
               1.516    -0.0035608141851
               1.518    -0.0035536996551
                1.52    -0.0035465993285
               1.522    -0.0035395131719
               1.524    -0.0035324411503
               1.526    -0.0035253832271
               1.528     -0.003518339364
                1.53    -0.0035113095202
               1.532    -0.0035042936523
               1.534    -0.0034972917143
               1.536     -0.003490303657
               1.538    -0.0034833294275
                1.54    -0.0034763689691
               1.542     -0.003469422221
               1.544    -0.0034624891178
               1.546     -0.003455569589
               1.548    -0.0034486635588
                1.55    -0.0034417709456
               1.552    -0.0034348916617
               1.554    -0.0034280256129
               1.556    -0.0034211726978
               1.558    -0.0034143328078
                1.56    -0.0034075058263
               1.562    -0.0034006916284
               1.564    -0.0033938900806
               1.566    -0.0033871010401
               1.568    -0.0033803243548
                1.57    -0.0033735598622
               1.572    -0.0033668073894
               1.574    -0.0033600667526
               1.576    -0.0033533377566
               1.578    -0.0033466201943
                1.58    -0.0033399138463
               1.582    -0.0033332184805
               1.584    -0.0033265338515
               1.586    -0.0033198597002
               1.588    -0.0033131957536
                1.59     -0.003306541724
               1.592    -0.0032998973085
               1.594    -0.0032932621892
               1.596    -0.0032866360318
               1.598    -0.0032800184862
                 1.6     -0.003273409185
               1.602    -0.0032668077442
               1.604    -0.0032602137616
               1.606    -0.0032536268173
               1.608     -0.003247046473
                1.61    -0.0032404722714
               1.612    -0.0032339037359
               1.614    -0.0032273403704
               1.616    -0.0032207816587
               1.618    -0.0032142270639
                1.62    -0.0032076760287
               1.622    -0.0032011279744
               1.624    -0.0031945823005
               1.626    -0.0031880383851
               1.628    -0.0031814955834
                1.63    -0.0031749532286
               1.632    -0.0031684106304
               1.634    -0.0031618670756
               1.636     -0.003155321827
               1.638    -0.0031487741239
                1.64    -0.0031422231811
               1.642    -0.0031356681888
               1.644    -0.0031291083126
               1.646    -0.0031225426928
               1.648    -0.0031159704445
                1.65    -0.0031093906569
               1.652    -0.0031028023937
               1.654     -0.003096204692
               1.656     -0.003089596563
               1.658    -0.0030829769908
                1.66    -0.0030763449332
               1.662    -0.0030696993205
               1.664    -0.0030630390562
               1.666    -0.0030563630161
               1.668    -0.0030496700485
                1.67    -0.0030429589741
               1.672    -0.0030362285854
               1.674    -0.0030294776471
               1.676    -0.0030227048956
               1.678    -0.0030159090389
                1.68    -0.0030090887567
               1.682    -0.0030022427002
               1.684    -0.0029953694917
               1.686    -0.0029884677249
               1.688    -0.0029815359647
                1.69    -0.0029745727473
               1.692    -0.0029675765795
               1.694    -0.0029605459396
               1.696    -0.0029534792765
               1.698    -0.0029463750104
                 1.7    -0.0029392315321
               1.702    -0.0029320472035
               1.704    -0.0029248203574
               1.706    -0.0029175492976
               1.708    -0.0029102322987
                1.71    -0.0029028676065
               1.712    -0.0028954534378
               1.714    -0.0028879879803
               1.716     -0.002880469393
               1.718    -0.0028728958062
                1.72    -0.0028652653214
               1.722    -0.0028575760115
               1.724    -0.0028498259209
               1.726    -0.0028420130658
               1.728    -0.0028341354338
                1.73    -0.0028261909847
               1.732    -0.0028181776501
               1.734    -0.0028100933337
               1.736    -0.0028019359118
               1.738    -0.0027937032329
                1.74    -0.0027853931182
               1.742    -0.0027770033619
               1.744     -0.002768531731
               1.746     -0.002759975966
               1.748    -0.0027513337805
                1.75    -0.0027426028622
               1.752    -0.0027337808723
               1.754    -0.0027248654463
               1.756    -0.0027158541941
               1.758    -0.0027067447003
                1.76    -0.0026975345242
               1.762    -0.0026882212004
               1.764    -0.0026788022389
               1.766    -0.0026692751255
               1.768    -0.0026596373218
                1.77     -0.002649886266
               1.772    -0.0026400193728
               1.774    -0.0026300340339
               1.776    -0.0026199276181
               1.778     -0.002609697472
                1.78      -0.00259934092
               1.782     -0.002588855265
               1.784    -0.0025782377883
               1.786    -0.0025674857502
               1.788    -0.0025565963905
                1.79    -0.0025455669286
               1.792    -0.0025343945641
               1.794     -0.002523076477
               1.796    -0.0025116098283
               1.798    -0.0024999917601
                 1.8    -0.0024882193964
               1.802     -0.002476289843
               1.804    -0.0024642001883
               1.806    -0.0024519475038
               1.808    -0.0024395288441
                1.81    -0.0024269412477
               1.812    -0.0024141817372
               1.814    -0.0024012473198
               1.816     -0.002388134988
               1.818    -0.0023748417195
                1.82    -0.0023613644783
               1.822    -0.0023477002146
               1.824    -0.0023338458656
               1.826    -0.0023197983559
               1.828    -0.0023055545978
                1.83    -0.0022911114919
               1.832    -0.0022764659278
               1.834    -0.0022616147841
               1.836    -0.0022465549293
               1.838    -0.0022312832221
                1.84    -0.0022157965118
               1.842    -0.0022000916391
               1.844    -0.0021841654363
               1.846    -0.0021680147279
               1.848    -0.0021516363312
                1.85    -0.0021350270565
               1.852    -0.0021181837081
               1.854    -0.0021011030844
               1.856    -0.0020837819784
               1.858    -0.0020662171787
                1.86    -0.0020484054692
               1.862    -0.0020303436305
               1.864    -0.0020120284398
               1.866    -0.0019934566717
               1.868    -0.0019746250985
                1.87     -0.001955530491
               1.872    -0.0019361696188
               1.874     -0.001916539251
               1.876    -0.0018966361566
               1.878    -0.0018764571051
                1.88    -0.0018559988668
               1.882    -0.0018352582137
               1.884    -0.0018142319198
               1.886    -0.0017929167616
               1.888    -0.0017713095188
                1.89    -0.0017494069747
               1.892    -0.0017272059165
               1.894    -0.0017047031365
               1.896    -0.0016818954319
               1.898    -0.0016587796057
                 1.9    -0.0016353524672
               1.902    -0.0016116108323
               1.904    -0.0015875515244
               1.906    -0.0015631713746
               1.908    -0.0015384672225
                1.91    -0.0015134359162
               1.912    -0.0014880743136
               1.914    -0.0014623792823
               1.916    -0.0014363477002
               1.918    -0.0014099764562
                1.92    -0.0013832624508
               1.922    -0.0013562025962
               1.924    -0.0013287938173
               1.926    -0.0013010330516
               1.928    -0.0012729172504
                1.93    -0.0012444433788
               1.932    -0.0012156084164
               1.934    -0.0011864093577
               1.936    -0.0011568432127
               1.938    -0.0011269070074
                1.94    -0.0010965977841
               1.942    -0.0010659126019
               1.944    -0.0010348485377
               1.946    -0.0010034026859
               1.948   -0.00097157215929
                1.95   -0.00093935408964
               1.952   -0.00090674562786
               1.954   -0.00087374394467
               1.956   -0.00084034623098
               1.958   -0.00080654969836
                1.96   -0.00077235157951
               1.962    -0.0007377491287
               1.964    -0.0007027396222
               1.966   -0.00066732035875
               1.968   -0.00063148865999
                1.97   -0.00059524187085
               1.972   -0.00055857736007
               1.974   -0.00052149252052
               1.976   -0.00048398476969
               1.978   -0.00044605155008
                1.98   -0.00040769032963
               1.982    -0.0003688986021
               1.984   -0.00032967388746
               1.986   -0.00029001373235
               1.988   -0.00024991571041
                1.99   -0.00020937742268
               1.992     -0.000168396498
               1.994   -0.00012697059337
               1.996   -8.5097394324e-05
               1.998   -4.2774615301e-05
                   2                  -0
