               0.002     0.0019484383493
               0.004     0.0038968390931
               0.006     0.0058451645781
               0.008     0.0077933770555
                0.01     0.0097414386328
               0.012      0.011689311226
               0.014      0.013636956512
               0.016      0.015584335879
               0.018       0.01753141038
                0.02      0.019478140945
               0.022      0.021424489747
               0.024      0.023370420909
               0.026      0.025315900424
               0.028      0.027260896036
                0.03      0.029205377123
               0.032      0.031149314579
               0.034      0.033092680701
               0.036      0.035035449072
               0.038      0.036977594444
                0.04      0.038919092627
               0.042      0.040859920372
               0.044      0.042800055256
               0.046      0.044739475571
               0.048      0.046678160208
                0.05        0.0486160886
               0.052       0.05055324086
               0.054      0.052489597779
               0.056      0.054425140734
               0.058      0.056359851584
                0.06      0.058293712568
               0.062      0.060226706205
               0.064      0.062158815194
               0.066      0.064090022313
               0.068      0.066020310316
                0.07      0.067949661839
               0.072      0.069878059487
               0.074       0.07180548633
               0.076      0.073731926023
               0.078      0.075657362736
                0.08      0.077581781082
               0.082      0.079505166039
               0.084      0.081427502884
               0.086      0.083348777115
               0.088      0.085268974384
                0.09      0.087188080419
               0.092      0.089106080954
               0.094       0.09102296166
               0.096      0.092938708066
               0.098      0.094853305493
                 0.1      0.096766738979
               0.102      0.098678993207
               0.104       0.10059005243
               0.106       0.10249990041
               0.108       0.10440852033
                0.11       0.10631589472
               0.112       0.10822200541
               0.114       0.11012683351
               0.116       0.11203036015
               0.118       0.11393256707
                0.12       0.11583343664
               0.122       0.11773295181
               0.124        0.1196310961
               0.126       0.12152785357
               0.128       0.12342320877
                0.13       0.12531714673
               0.132       0.12720965291
               0.134       0.12910071321
               0.136       0.13099031387
               0.138       0.13287844152
                0.14        0.1347650831
               0.142       0.13665022582
               0.144       0.13853385717
               0.146       0.14041596488
               0.148       0.14229653685
                0.15       0.14417556118
               0.152       0.14605302607
               0.154       0.14792891987
               0.156       0.14980323097
               0.158       0.15167594832
                0.16       0.15354706309
               0.162       0.15541656912
               0.164       0.15728446291
               0.166       0.15915074346
               0.168       0.16101541216
                0.17        0.1628784727
               0.172       0.16473993098
               0.174       0.16659979496
               0.176       0.16845807466
               0.178       0.17031478213
                0.18       0.17216993136
               0.182       0.17402353817
               0.184       0.17587562006
               0.186       0.17772619616
               0.188       0.17957528709
                0.19       0.18142291483
               0.192       0.18326910266
               0.194         0.185113875
               0.196       0.18695725734
               0.198        0.1887992761
                 0.2       0.19063995854
               0.202       0.19247933266
               0.204       0.19431742706
               0.206       0.19615427085
               0.208       0.19798989356
                0.21       0.19982432499
               0.212       0.20165759512
               0.214       0.20348973413
               0.216        0.2053207726
               0.218       0.20715074167
                0.22       0.20897967288
               0.222       0.21080759812
               0.224       0.21263454952
               0.226       0.21446055937
               0.228          0.21628566
                0.23       0.21810988373
               0.232       0.21993326276
               0.234       0.22175582907
               0.236       0.22357761431
               0.238       0.22539864977
                0.24       0.22721896621
               0.242       0.22903859383
               0.244       0.23085756214
               0.246       0.23267589987
               0.248       0.23449363489
                0.25        0.2363107941
               0.252       0.23812740337
               0.254       0.23994348773
               0.256       0.24175907164
               0.258       0.24357417901
                0.26        0.2453888331
               0.262       0.24720305643
               0.264        0.2490168707
               0.266       0.25083029672
               0.268        0.2526433543
                0.27       0.25445606216
               0.272       0.25626843789
               0.274       0.25808049778
               0.276       0.25989225683
               0.278       0.26170372858
                0.28        0.2635149251
               0.282       0.26532585751
               0.284       0.26713653673
               0.286       0.26894697356
               0.288        0.2707571786
                0.29       0.27256716224
               0.292        0.2743769346
               0.294       0.27618650545
               0.296        0.2779958842
               0.298       0.27980507985
                 0.3       0.28161410093
               0.302       0.28342295543
               0.304       0.28523165079
               0.306       0.28704019383
               0.308        0.2888485907
                0.31       0.29065684682
               0.312       0.29246496686
               0.314       0.29427295464
               0.316       0.29608081313
               0.318       0.29788854435
                0.32       0.29969614934
               0.322       0.30150362813
               0.324       0.30331097963
               0.326       0.30511820161
               0.328       0.30692529063
                0.33       0.30873224202
               0.332       0.31053904975
               0.334       0.31234570645
               0.336       0.31415220329
               0.338       0.31595852997
                0.34        0.3177646746
               0.342       0.31957062372
               0.344       0.32137636214
               0.346       0.32318187296
               0.348       0.32498713746
                0.35       0.32679213506
               0.352       0.32859684323
               0.354       0.33040123742
               0.356       0.33220529105
               0.358       0.33400897535
                0.36       0.33581225937
               0.362       0.33761510984
               0.364       0.33941749118
               0.366       0.34121936538
               0.368       0.34302069281
                0.37       0.34482143311
               0.372       0.34662154528
               0.374       0.34842098768
               0.376       0.35021971801
               0.378       0.35201769326
                0.38       0.35381486969
               0.382       0.35561120282
               0.384       0.35740664738
               0.386        0.3592011573
               0.388       0.36099468567
                0.39       0.36278718471
               0.392       0.36457860594
               0.394       0.36636890057
               0.396       0.36815801964
               0.398       0.36994591396
                 0.4       0.37173253402
               0.402          0.37351783
               0.404       0.37530175164
               0.406       0.37708424823
               0.408       0.37886526853
                0.41       0.38064476073
               0.412       0.38242267236
               0.414       0.38419895037
               0.416       0.38597354157
               0.418       0.38774639293
                0.42       0.38951745149
               0.422       0.39128666437
               0.424       0.39305397874
               0.426       0.39481934173
               0.428       0.39658270041
                0.43       0.39834400179
               0.432       0.40010319273
               0.434       0.40186021988
               0.436       0.40361502973
               0.438       0.40536756846
                0.44       0.40711778196
               0.442       0.40886561576
               0.444       0.41061101498
               0.446       0.41235392432
               0.448       0.41409428795
                0.45       0.41583204951
               0.452       0.41756715205
               0.454       0.41929953797
               0.456       0.42102914895
               0.458       0.42275592595
                0.46       0.42447980911
               0.462        0.4262007377
               0.464       0.42791865009
               0.466       0.42963348379
               0.468       0.43134517599
                0.47       0.43305366376
               0.472       0.43475888401
               0.474       0.43646077345
               0.476       0.43815926858
               0.478       0.43985430561
                0.48       0.44154582048
               0.482       0.44323374876
               0.484       0.44491802567
               0.486       0.44659858597
               0.488       0.44827536398
                0.49        0.4499482935
               0.492       0.45161730779
               0.494        0.4532823395
               0.496       0.45494332063
               0.498       0.45660018251
                 0.5       0.45825285571
               0.502          0.45990127
               0.504       0.46154535434
               0.506       0.46318503675
               0.508       0.46482024434
                0.51        0.4664509032
               0.512       0.46807693838
               0.514       0.46969827449
               0.516       0.47131483673
               0.518       0.47292655112
                0.52       0.47453334442
               0.522       0.47613514421
               0.524        0.4777318788
               0.526       0.47932347727
               0.528       0.48090986945
                0.53       0.48249098637
               0.532       0.48406676168
               0.534       0.48563713211
               0.536       0.48720203739
               0.538        0.4887614202
                0.54       0.49031522603
               0.542       0.49186340315
               0.544       0.49340590253
               0.546        0.4949426777
               0.548       0.49647368476
                0.55        0.4979988822
               0.552       0.49951823098
               0.554       0.50103169442
               0.556       0.50253923814
               0.558       0.50404082999
                0.56       0.50553643997
               0.562       0.50702604011
               0.564       0.50850960439
               0.566       0.50998710869
               0.568       0.51145853066
                0.57       0.51292384964
               0.572       0.51438304657
               0.574       0.51583610394
               0.576       0.51728300562
               0.578       0.51872373686
                0.58       0.52015828413
               0.582       0.52158663504
               0.584        0.5230087783
               0.586       0.52442470355
               0.588       0.52583440133
                0.59       0.52723786295
               0.592       0.52863508039
               0.594       0.53002604624
               0.596       0.53141075357
               0.598       0.53278919588
                 0.6       0.53416136754
               0.602       0.53552726458
               0.604       0.53688688479
               0.606       0.53824022766
               0.608        0.5395872943
                0.61       0.54092808741
               0.612       0.54226261123
               0.614       0.54359087145
               0.616       0.54491287518
               0.618       0.54622863087
                0.62       0.54753814826
               0.622       0.54884143835
               0.624       0.55013851329
               0.626       0.55142938634
               0.628       0.55271407202
                0.63       0.55399258635
               0.632       0.55526494691
               0.634        0.5565311728
               0.636       0.55779128456
               0.638       0.55904530415
                0.64        0.5602932549
               0.642       0.56153516145
               0.644       0.56277104972
               0.646       0.56400094684
               0.648       0.56522488111
                0.65       0.56644288197
               0.652       0.56765497991
               0.654       0.56886120646
               0.656       0.57006159409
               0.658       0.57125617622
                0.66       0.57244498711
               0.662       0.57362806183
               0.664       0.57480543622
               0.666       0.57597714688
               0.668       0.57714323149
                0.67       0.57830372898
               0.672        0.5794586795
               0.674       0.58060812435
               0.676       0.58175210599
               0.678       0.58289066794
                0.68        0.5840238548
               0.682       0.58515171215
               0.684       0.58627428655
               0.686       0.58739162546
               0.688       0.58850377725
                0.69       0.58961079109
               0.692       0.59071271694
               0.694       0.59180960551
               0.696       0.59290150818
               0.698         0.593988477
                 0.7       0.59507056459
               0.702       0.59614782412
               0.704       0.59722030925
               0.706        0.5982880741
               0.708       0.59935117314
                0.71       0.60040966123
               0.712       0.60146359347
               0.714       0.60251302519
               0.716       0.60355801191
               0.718       0.60459860925
                0.72        0.6056348729
               0.722       0.60666685852
               0.724       0.60769462174
               0.726       0.60871821804
               0.728       0.60973770273
                0.73       0.61075313087
               0.732       0.61176455719
               0.734       0.61277203605
               0.736       0.61377562139
               0.738       0.61477536661
                0.74       0.61577132457
               0.742       0.61676354766
               0.744       0.61775208781
               0.746       0.61873699637
               0.748       0.61971832409
                0.75       0.62069612096
               0.752       0.62167043622
               0.754       0.62264131838
               0.756       0.62360881561
               0.758       0.62457297576
                0.76       0.62553384623
               0.762       0.62649147391
               0.764         0.627445905
               0.766       0.62839718534
               0.768       0.62934536118
                0.77       0.63029047943
               0.772       0.63123258752
               0.774       0.63217173338
               0.776       0.63310796535
               0.778       0.63404133211
                0.78       0.63497188261
               0.782       0.63589966599
               0.784        0.6368247315
               0.786       0.63774712845
               0.788        0.6386669061
                0.79        0.6395841136
               0.792       0.64049879991
               0.794       0.64141101373
               0.796        0.6423208034
               0.798       0.64322821684
                 0.8       0.64413330147
               0.802       0.64503610409
               0.804       0.64593667084
               0.806       0.64683504712
               0.808       0.64773127752
                0.81       0.64862540634
               0.812       0.64951747781
               0.814       0.65040753611
               0.816       0.65129562528
               0.818       0.65218178916
                0.82       0.65306607132
               0.822       0.65394851502
               0.824       0.65482916313
               0.826       0.65570805806
               0.828        0.6565852417
                0.83       0.65746075541
               0.832       0.65833464018
               0.834       0.65920693671
               0.836       0.66007768532
               0.838       0.66094692594
                0.84       0.66181469802
               0.842       0.66268104048
               0.844       0.66354599165
               0.846        0.6644095892
               0.848        0.6652718701
                0.85       0.66613287052
               0.852        0.6669926258
               0.854       0.66785117037
               0.856       0.66870853769
               0.858       0.66956476018
                0.86       0.67041986916
               0.862       0.67127389475
               0.864       0.67212686586
               0.866       0.67297881007
               0.868       0.67382975357
                0.87       0.67467972111
               0.872       0.67552873589
               0.874       0.67637681952
               0.876       0.67722399193
               0.878        0.6780702713
                0.88       0.67891567397
               0.882       0.67976021437
               0.884       0.68060390495
               0.886       0.68144675609
               0.888       0.68228877602
                0.89       0.68312997072
               0.892       0.68397034388
               0.894       0.68480989686
               0.896       0.68564862966
               0.898       0.68648654227
                 0.9       0.68732363526
               0.902       0.68815990993
               0.904       0.68899536827
               0.906         0.689830013
               0.908       0.69066384744
                0.91       0.69149687552
               0.912       0.69232910174
               0.914       0.69316053111
               0.916       0.69399116913
               0.918       0.69482102174
                0.92       0.69565009528
               0.922       0.69647839645
               0.924       0.69730593228
               0.926       0.69813271008
               0.928       0.69895873739
                0.93       0.69978402197
               0.932        0.7006085717
               0.934       0.70143239461
               0.936       0.70225549879
               0.938       0.70307789235
                0.94       0.70389958339
               0.942       0.70472057996
               0.944       0.70554089001
               0.946       0.70636052134
               0.948       0.70717948154
                0.95       0.70799777799
               0.952       0.70881541778
               0.954       0.70963240767
               0.956       0.71044875405
               0.958       0.71126446288
                0.96       0.71207953965
               0.962       0.71289398935
               0.964       0.71370781639
               0.966       0.71452102457
               0.968         0.715333617
                0.97       0.71614559612
               0.972       0.71695696358
               0.974        0.7177677202
               0.976       0.71857786595
               0.978       0.71938739987
                0.98       0.72019632003
               0.982       0.72100462349
               0.984       0.72181230645
               0.986       0.72261936449
               0.988       0.72342579246
                0.99       0.72423158444
               0.992       0.72503673369
               0.994       0.72584123266
               0.996       0.72664507339
               0.998       0.72744824763
                   1       0.72825074671
               1.002       0.72905256148
               1.004       0.72985368218
               1.006        0.7306540984
               1.008       0.73145379893
                1.01       0.73225277168
               1.012       0.73305100361
               1.014       0.73384848058
               1.016       0.73464518731
               1.018       0.73544110724
                1.02       0.73623622246
               1.022       0.73703051361
               1.024       0.73782395973
               1.026       0.73861653823
               1.028       0.73940822476
                1.03       0.74019899311
               1.032       0.74098881527
               1.034       0.74177766284
               1.036       0.74256550812
               1.038       0.74335232418
                1.04       0.74413808484
               1.042       0.74492276461
               1.044       0.74570633871
               1.046       0.74648878306
               1.048       0.74727007419
                1.05       0.74805018933
               1.052       0.74882910646
               1.054       0.74960680436
               1.056       0.75038326254
               1.058        0.7511584613
                1.06       0.75193238163
               1.062       0.75270500526
               1.064       0.75347631463
               1.066       0.75424629286
               1.068       0.75501492373
                1.07        0.7557821917
               1.072       0.75654808187
               1.074       0.75731257997
               1.076       0.75807567237
               1.078       0.75883734601
                1.08       0.75959758844
               1.082       0.76035638781
               1.084       0.76111373282
               1.086       0.76186961271
               1.088       0.76262401729
                1.09       0.76337693694
               1.092       0.76412836299
               1.094       0.76487828783
               1.096       0.76562670492
               1.098       0.76637360876
                 1.1       0.76711899483
               1.102       0.76786285963
               1.104       0.76860520057
               1.106       0.76934601601
               1.108       0.77008530519
                1.11       0.77082306823
               1.112       0.77155930608
               1.114       0.77229402053
               1.116       0.77302721413
               1.118       0.77375889022
                1.12       0.77448905286
               1.122       0.77521770683
               1.124        0.7759448576
               1.126       0.77667051128
               1.128       0.77739467465
                1.13       0.77811735516
               1.132       0.77883856101
               1.134       0.77955830113
               1.136       0.78027658516
               1.138       0.78099342341
                1.14        0.7817088269
               1.142        0.7824228075
               1.144       0.78313537805
               1.146       0.78384655235
               1.148        0.7845563451
                1.15       0.78526477188
               1.152       0.78597184913
               1.154       0.78667759415
               1.156       0.78738202498
               1.158       0.78808516048
                1.16       0.78878702021
               1.162       0.78948762448
               1.164       0.79018699425
               1.166       0.79088515114
               1.168        0.7915821174
                1.17       0.79227791588
               1.172       0.79297256999
               1.174       0.79366610367
               1.176       0.79435854139
               1.178       0.79504990808
                1.18       0.79574022914
               1.182       0.79642953037
               1.184         0.797117838
               1.186       0.79780517859
               1.188       0.79849157906
                1.19       0.79917706664
               1.192       0.79986166882
               1.194       0.80054541336
               1.196       0.80122832824
               1.198       0.80191044163
                 1.2       0.80259178185
               1.202       0.80327237737
               1.204       0.80395225676
               1.206       0.80463144867
               1.208       0.80530998179
                1.21       0.80598788482
               1.212       0.80666518645
               1.214       0.80734191533
               1.216       0.80801810003
               1.218         0.808693769
                1.22       0.80936895057
               1.222       0.81004367292
               1.224       0.81071796424
               1.226       0.81139185293
               1.228       0.81206536759
                1.23       0.81273853696
               1.232       0.81341138985
               1.234       0.81408395516
               1.236       0.81475626176
               1.238       0.81542833851
                1.24       0.81610021415
               1.242       0.81677191732
               1.244       0.81744347647
               1.246       0.81811491981
               1.248       0.81878627532
                1.25       0.81945757061
               1.252       0.82012883297
               1.254       0.82080008925
               1.256       0.82147136585
               1.258       0.82214268867
                1.26       0.82281408305
               1.262        0.8234855737
               1.264       0.82415718473
               1.266       0.82482893956
               1.268       0.82550086141
                1.27        0.8261729735
               1.272       0.82684529907
               1.274       0.82751786134
               1.276       0.82819068349
               1.278       0.82886378862
                1.28       0.82953719974
               1.282       0.83021093973
               1.284       0.83088503129
               1.286       0.83155949696
               1.288       0.83223435907
                1.29       0.83290963967
               1.292       0.83358536059
               1.294       0.83426154331
               1.296       0.83493820901
               1.298        0.8356153785
                 1.3       0.83629307219
               1.302       0.83697131008
               1.304       0.83765011171
               1.306       0.83832949615
               1.308       0.83900948194
                1.31       0.83969008709
               1.312       0.84037132901
               1.314       0.84105322453
               1.316       0.84173578982
               1.318       0.84241904038
                1.32         0.843102991
               1.322       0.84378765573
               1.324       0.84447304784
               1.326        0.8451591798
               1.328       0.84584606323
                1.33       0.84653370888
               1.332       0.84722212657
               1.334       0.84791132518
               1.336        0.8486013126
               1.338       0.84929209571
                1.34       0.84998368029
               1.342       0.85067607108
               1.344       0.85136927163
               1.346       0.85206328433
               1.348       0.85275811039
                1.35       0.85345374971
               1.352       0.85415020094
               1.354       0.85484746137
               1.356       0.85554552693
               1.358       0.85624439212
                1.36       0.85694404997
               1.362       0.85764449204
               1.364       0.85834570831
               1.366       0.85904768719
               1.368       0.85975041543
                1.37       0.86045387814
               1.372       0.86115805866
               1.374       0.86186293858
               1.376       0.86256849766
               1.378        0.8632747138
                1.38       0.86398156298
               1.382        0.8646890192
               1.384       0.86539705447
               1.386       0.86610563871
               1.388       0.86681473973
                1.39       0.86752432318
               1.392       0.86823435247
               1.394       0.86894478875
               1.396       0.86965559083
               1.398       0.87036671513
                 1.4       0.87107811564
               1.402       0.87178974385
               1.404       0.87250154886
               1.406       0.87321347863
               1.408       0.87392548093
                1.41       0.87463750343
               1.412       0.87534949369
               1.414       0.87606139919
               1.416       0.87677316732
               1.418       0.87748474542
                1.42       0.87819608074
               1.422       0.87890712048
               1.424       0.87961781182
               1.426       0.88032810192
               1.428       0.88103793803
                1.43       0.88174726751
               1.432       0.88245603784
               1.434       0.88316419664
               1.436       0.88387169167
               1.438       0.88457847086
                1.44       0.88528448231
               1.442       0.88598967429
               1.444       0.88669399528
               1.446       0.88739739395
               1.448        0.8880998192
                1.45       0.88880122015
               1.452       0.88950154618
               1.454       0.89020074689
               1.456       0.89089877216
               1.458       0.89159557214
                1.46       0.89229109726
               1.462       0.89298529825
               1.464       0.89367812613
               1.466       0.89436953225
               1.468       0.89505946827
                1.47       0.89574788619
               1.472       0.89643473835
               1.474       0.89711997744
               1.476       0.89780355651
               1.478       0.89848542898
                1.48       0.89916554866
               1.482       0.89984386972
               1.484       0.90052034675
               1.486       0.90119493473
               1.488       0.90186758905
                1.49       0.90253826553
               1.492       0.90320692039
               1.494        0.9038735103
               1.496       0.90453799236
               1.498       0.90520032424
                 1.5       0.90586046454
               1.502       0.90651837293
               1.504       0.90717401015
               1.506       0.90782733799
               1.508       0.90847831928
                1.51       0.90912691787
               1.512       0.90977309863
               1.514       0.91041682742
               1.516       0.91105807111
               1.518       0.91169679753
                1.52       0.91233297548
               1.522        0.9129665747
               1.524       0.91359756588
               1.526       0.91422592062
               1.528       0.91485161144
                1.53       0.91547461174
               1.532       0.91609489584
               1.534       0.91671243887
               1.536       0.91732721685
               1.538       0.91793920664
                1.54       0.91854838591
               1.542       0.91915473312
               1.544       0.91975822756
               1.546       0.92035884928
               1.548       0.92095657907
                1.55        0.9215513985
               1.552       0.92214328983
               1.554       0.92273223606
               1.556       0.92331822087
               1.558       0.92390122861
                1.56       0.92448124431
               1.562       0.92505825362
               1.564       0.92563224281
               1.566       0.92620319877
               1.568       0.92677110896
                1.57        0.9273359614
               1.572       0.92789774467
               1.574       0.92845644786
               1.576       0.92901206058
               1.578        0.9295645729
                1.58       0.93011397538
               1.582       0.93066025899
               1.584       0.93120341514
               1.586       0.93174343563
               1.588       0.93228031262
                1.59       0.93281403864
               1.592       0.93334460653
               1.594       0.93387200944
               1.596       0.93439624079
               1.598       0.93491729426
                 1.6       0.93543516375
               1.602       0.93594984335
               1.604       0.93646132735
               1.606       0.93696961017
               1.608       0.93747468634
                1.61        0.9379765505
               1.612       0.93847519734
               1.614       0.93897062161
               1.616       0.93946281819
               1.618       0.93995178217
                1.62       0.94043750889
               1.622       0.94091999385
               1.624       0.94139923272
               1.626       0.94187522133
               1.628       0.94234795569
                1.63       0.94281743239
               1.632       0.94328364889
               1.634       0.94374660376
               1.636         0.944206297
               1.638       0.94466273006
                1.64        0.9451159058
               1.642       0.94556582849
               1.644       0.94601250374
               1.646       0.94645593855
               1.648       0.94689614123
                1.65       0.94733312139
               1.652       0.94776688992
               1.654       0.94819745895
               1.656       0.94862484186
               1.658       0.94904905322
                1.66       0.94947010879
               1.662       0.94988802547
               1.664       0.95030282131
               1.666       0.95071451545
               1.668       0.95112312812
                1.67       0.95152868058
               1.672       0.95193119515
               1.674       0.95233069514
               1.676       0.95272720482
               1.678       0.95312074944
                1.68       0.95351135515
               1.682         0.953899049
               1.684       0.95428385893
               1.686       0.95466581369
               1.688       0.95504494287
                1.69       0.95542127684
               1.692       0.95579484673
               1.694       0.95616568439
               1.696        0.9565338224
               1.698       0.95689929398
                 1.7       0.95726213303
               1.702       0.95762237403
               1.704       0.95798005207
               1.706       0.95833520279
               1.708       0.95868786235
                1.71       0.95903806741
               1.712        0.9593858551
               1.714       0.95973126298
               1.716         0.960074329
               1.718       0.96041509148
                1.72        0.9607535891
               1.722       0.96108986082
               1.724       0.96142394588
               1.726       0.96175588376
               1.728       0.96208571414
                1.73       0.96241347688
               1.732       0.96273921196
               1.734       0.96306295946
               1.736       0.96338475955
               1.738        0.9637046524
                1.74       0.96402267818
               1.742       0.96433887704
               1.744       0.96465328902
               1.746       0.96496595405
               1.748       0.96527691191
                1.75       0.96558620219
               1.752       0.96589386422
               1.754       0.96619993708
               1.756       0.96650445954
               1.758       0.96680747001
                1.76       0.96710900649
               1.762       0.96740910657
               1.764       0.96770780735
               1.766       0.96800514542
               1.768       0.96830115679
                1.77       0.96859587687
               1.772       0.96888934046
               1.774       0.96918158203
               1.776       0.96947263605
               1.778       0.96976253702
                1.78       0.97005131945
               1.782       0.97033901782
               1.784       0.97062566655
               1.786       0.97091130001
               1.788       0.97119595246
                1.79       0.97147965802
               1.792       0.97176245068
               1.794       0.97204436423
               1.796       0.97232543226
               1.798       0.97260568815
                 1.8       0.97288516497
               1.802       0.97316389555
               1.804       0.97344191236
               1.806       0.97371924755
               1.808       0.97399593287
                1.81       0.97427199968
               1.812        0.9745474789
               1.814       0.97482240097
               1.816       0.97509679584
               1.818       0.97537069292
                1.82       0.97564412106
               1.822       0.97591710852
               1.824       0.97618968293
               1.826       0.97646187125
               1.828       0.97673369975
                1.83       0.97700519396
               1.832       0.97727637866
               1.834       0.97754727782
               1.836       0.97781791457
               1.838       0.97808831118
                1.84         0.978358489
               1.842       0.97862846844
               1.844       0.97889826892
               1.846       0.97916790885
               1.848       0.97943740556
                1.85        0.9797067753
               1.852       0.97997603316
               1.854       0.98024519307
               1.856       0.98051426774
               1.858       0.98078326873
                1.86       0.98105220677
               1.862        0.9813210918
               1.864       0.98158993289
               1.866       0.98185873829
               1.868       0.98212751539
                1.87       0.98239627108
               1.872       0.98266501208
               1.874       0.98293374499
               1.876       0.98320247621
               1.878         0.983471212
                1.88       0.98373995843
               1.882       0.98400872139
               1.884       0.98427750657
               1.886       0.98454631945
               1.888        0.9848151653
                1.89       0.98508404916
               1.892       0.98535297585
               1.894       0.98562194991
               1.896       0.98589097567
               1.898       0.98616005714
                 1.9       0.98642919808
               1.902       0.98669840196
               1.904       0.98696767193
               1.906       0.98723701085
               1.908        0.9875064213
                1.91       0.98777590588
               1.912       0.98804546727
               1.914       0.98831510826
               1.916       0.98858483166
               1.918       0.98885464035
                1.92       0.98912453718
               1.922       0.98939452499
               1.924       0.98966460656
               1.926       0.98993478461
               1.928       0.99020506175
                1.93       0.99047544045
               1.932       0.99074592304
               1.934       0.99101651165
               1.936       0.99128720821
               1.938       0.99155801443
                1.94       0.99182893172
               1.942       0.99209996121
               1.944       0.99237110373
               1.946       0.99264235974
               1.948       0.99291372932
                1.95       0.99318521215
               1.952        0.9934568075
               1.954       0.99372851415
               1.956       0.99400033038
               1.958       0.99427225399
                1.96        0.9945442822
               1.962       0.99481641165
               1.964       0.99508863841
               1.966       0.99536095817
               1.968       0.99563336654
                1.97       0.99590585909
               1.972        0.9961784313
               1.974       0.99645107854
               1.976       0.99672379613
               1.978       0.99699657922
                1.98       0.99726942287
               1.982       0.99754232197
               1.984       0.99781527127
               1.986       0.99808826534
               1.988       0.99836129856
                1.99       0.99863436515
               1.992       0.99890745933
               1.994       0.99918057544
               1.996       0.99945370791
               1.998       0.99972685124
                   2                   1
