                0.02      0.014825458943      0.038324624253
                0.04      0.030298914823      0.074434357739
                0.06      0.045911643909       0.10907992512
                0.08      0.062325058209       0.14158866994
                 0.1      0.078887011716       0.17193335238
                0.12      0.096717102443       0.20111269477
                0.14       0.11408493923       0.22728629531
                0.16       0.13092015549        0.2538448728
                0.18       0.14892952802       0.27952171173
                 0.2       0.16726766071       0.30331712088
                0.22        0.1849501757       0.32647263056
                0.24       0.20319027892       0.34958638411
                0.26       0.22087449792       0.37017496809
                0.28       0.23766318383       0.39132498799
                 0.3       0.25380203198       0.41146755858
                0.32       0.27082772022       0.43023452677
                0.34       0.28745015736       0.44847841264
                0.36       0.30414009201       0.46522326237
                0.38       0.32078937127       0.48143230228
                 0.4       0.33742470664       0.49673646798
                0.42       0.35403604604        0.5135033691
                0.44       0.37061248656       0.53051220819
                0.46       0.38714259066       0.54672647566
                0.48       0.40301954835       0.56113518437
                 0.5       0.41709877255       0.57665702879
                0.52       0.43278432906       0.59137724078
                0.54       0.44764697311       0.60792968351
                0.56       0.46295393387       0.62106157986
                0.58       0.47975277933        0.6343616941
                 0.6       0.49459597864       0.64685293392
                0.62       0.50692769357       0.65946006211
                0.64       0.51861761968       0.67252801387
                0.66       0.53200577131       0.68505018553
                0.68       0.54429433347       0.69554958759
                 0.7       0.55579081967       0.70538839505
                0.72       0.56619033773       0.71508248548
                0.74        0.5771821217       0.72356534956
                0.76       0.58785117405        0.7347401218
                0.78       0.59845214584       0.74442400244
                 0.8       0.60867108855       0.75396275831
                0.82       0.61966660601       0.76140943686
                0.84       0.62809393678       0.77132803101
                0.86       0.63890509565       0.77960878175
                0.88       0.64883549205       0.78808031601
                 0.9       0.65844267524       0.79761917899
                0.92       0.66725316866       0.80515795881
                0.94       0.67626653323       0.81355893579
                0.96       0.68468665431       0.82124174324
                0.98       0.69330818166        0.8284680179
                   1       0.69985447157       0.83554066486
                1.02       0.70829219104       0.84215348847
                1.04       0.71644598363       0.84835702975
                1.06       0.72399143856        0.8539564659
                1.08       0.73195125853       0.86129476135
                 1.1       0.74231294758        0.8668654643
                1.12        0.7489213563       0.87315218864
                1.14       0.75884620799       0.87885259419
                1.16       0.76623054928       0.88485763328
                1.18       0.77210465674       0.89070038876
                 1.2       0.77923324087       0.89549394464
                1.22       0.78852770774       0.90019358837
                1.24       0.79705052608       0.90413168791
                1.26       0.80171072999       0.90949698538
                1.28       0.80939780411       0.91382858834
                 1.3       0.81780997392       0.91742872685
                1.32       0.82458089132       0.92189711291
                1.34       0.83150191171       0.92620832698
                1.36       0.83626996669        0.9302191534
                1.38       0.84248945052       0.93471958468
                 1.4       0.84850866348       0.93911763981
                1.42       0.85256872949       0.94340891643
                1.44       0.85888041036       0.94672242781
                1.46       0.86475606481       0.94987323657
                1.48       0.87181210741       0.95349199146
                 1.5       0.87739443651       0.95671537381
                1.52       0.88035401287       0.95970622023
                1.54       0.88523799082       0.96296379488
                1.56       0.89061982177       0.96676756669
                1.58       0.89388022228       0.96978419456
                 1.6       0.89907922148       0.97296388124
                1.62       0.90235177903       0.97594103426
                1.64       0.90628709876       0.97835676593
                1.66       0.91042801748       0.98045200713
                1.68       0.91391675044       0.98282674295
                 1.7       0.91603671735       0.98544274767
                1.72       0.91838603827       0.98747922456
                1.74       0.92234365267       0.98942442011
                1.76       0.92530458946       0.99116860918
                1.78       0.92980617249       0.99273126724
                 1.8       0.93316822626       0.99433679407
                1.82        0.9349799937       0.99561184192
                1.84        0.9382356067       0.99672598021
                1.86       0.94218499785       0.99785073317
                1.88       0.94700471718       0.99889862359
                 1.9       0.95252688381       0.99956462065
                1.92        0.9600501039        1.0001155032
                1.94        0.9681834437        1.0005242678
                1.96       0.97790508244        1.0005667254
                1.98       0.98856002658        1.0004591295
