                0.02    -0.0033565929588
                0.04    -0.0061694236573
                0.06    -0.0084995782328
                0.08     -0.010404018411
                 0.1     -0.011935572174
                0.12     -0.013142950982
                0.14     -0.014070793716
                0.16     -0.014759737031
                0.18      -0.01524651146
                 0.2      -0.01556406219
                0.22     -0.015741693099
                0.24     -0.015805232298
                0.26     -0.015777217151
                0.28     -0.015677096436
                 0.3     -0.015521447106
                0.32     -0.015324202868
                0.34      -0.01509689164
                0.36     -0.014848878767
                0.38     -0.014587612772
                 0.4     -0.014318870305
                0.42     -0.014046996899
                0.44     -0.013775140068
                0.46     -0.013505471301
                0.48     -0.013239393475
                 0.5     -0.012977730252
                0.52     -0.012720894077
                0.54     -0.012469029451
                0.56      -0.01222212824
                0.58     -0.011980113907
                 0.6     -0.011742891757
                0.62     -0.011510366921
                0.64     -0.011282446386
                0.66     -0.011059038979
                0.68     -0.010840055335
                 0.7     -0.010625407858
                0.72     -0.010415010686
                0.74     -0.010208779657
                0.76     -0.010006632275
                0.78    -0.0098084876807
                 0.8    -0.0096142666118
                0.82    -0.0094238913777
                0.84    -0.0092372858258
                0.86    -0.0090543753114
                0.88    -0.0088750866679
                 0.9    -0.0086993481773
                0.92     -0.008527089542
                0.94    -0.0083582418563
                0.96    -0.0081927375787
                0.98    -0.0080305105054
                   1    -0.0078714957434
                1.02    -0.0077156296846
                1.04    -0.0075628499805
                1.06    -0.0074130955174
                1.08    -0.0072663063912
                 1.1    -0.0071224238845
                1.12    -0.0069813904423
                1.14    -0.0068431496494
                1.16    -0.0067076462076
                1.18    -0.0065748259137
                 1.2    -0.0064446356378
                1.22    -0.0063170233021
                1.24      -0.00619193786
                1.26    -0.0060693292756
                1.28    -0.0059491485038
                 1.3    -0.0058313474707
                1.32    -0.0057158790544
                1.34    -0.0056026970659
                1.36    -0.0054917562309
                1.38    -0.0053830121717
                 1.4    -0.0052764213891
                1.42    -0.0051719412454
                1.44    -0.0050695299384
                1.46      -0.00496914566
                1.48    -0.0048707398455
                 1.5    -0.0047742401528
                1.52      -0.00467952561
                1.54    -0.0045863976255
                1.56    -0.0044945498722
                1.58    -0.0044035394107
                 1.6    -0.0043127608571
                1.62    -0.0042214249135
                1.64    -0.0041285421671
                1.66     -0.004032912707
                1.68    -0.0039331218143
                 1.7    -0.0038275417323
                1.72    -0.0037143393213
                1.74    -0.0035914892414
                1.76    -0.0034567921796
                1.78    -0.0033078975419
                 1.8    -0.0031423299621
                1.82    -0.0029575189378
                1.84    -0.0027508308757
                1.86    -0.0025196028287
                1.88    -0.0022611772119
                 1.9    -0.0019729368106
                1.92    -0.0016523394253
                1.94    -0.0012969515414
                1.96    -0.0009044804605
                1.98   -0.00047280438386
