                   0                   0
      0.088477116172       0.13043478261
       0.18064847867                0.25
       0.25204137957       0.33333333333
       0.30354477759               0.375
       0.37988893383       0.40740740741
       0.46516419752       0.45454545455
       0.56597411618       0.57142857143
       0.61567782058       0.66666666667
       0.88787924438                0.75
       0.91372114331       0.78181818182
        1.1450892914       0.83333333333
        1.1797203293       0.84210526316
        1.2554033636       0.91891891892
        1.3765735461       0.92452830189
        1.6254418142       0.96363636364
        1.7828654935                   1
                   2                   1
