               0.002     0.0021177016412
               0.004     0.0042344777922
               0.006     0.0063503185671
               0.008     0.0084652140803
                0.01      0.010579154446
               0.012      0.012692129779
               0.014      0.014804130192
               0.016      0.016915145801
               0.018       0.01902516672
                0.02      0.021134183063
               0.022      0.023242184944
               0.024      0.025349162477
               0.026      0.027455105777
               0.028      0.029560004959
                0.03      0.031663850135
               0.032      0.033766631421
               0.034      0.035868338932
               0.036       0.03796896278
               0.038      0.040068493081
                0.04      0.042166919949
               0.042      0.044264233498
               0.044      0.046360423842
               0.046      0.048455481095
               0.048      0.050549395373
                0.05      0.052642156789
               0.052      0.054733755457
               0.054      0.056824181492
               0.056      0.058913425008
               0.058      0.061001476119
                0.06       0.06308832494
               0.062      0.065173961585
               0.064      0.067258376168
               0.066      0.069341558803
               0.068      0.071423499605
                0.07      0.073504188688
               0.072      0.075583616166
               0.074      0.077661772154
               0.076      0.079738646766
               0.078      0.081814230115
                0.08      0.083888512318
               0.082      0.085961483486
               0.084      0.088033133736
               0.086      0.090103453181
               0.088      0.092172431936
                0.09      0.094240060114
               0.092      0.096306327831
               0.094        0.0983712252
               0.096       0.10043474234
               0.098       0.10249686935
                 0.1       0.10455759636
               0.102       0.10661691348
               0.104       0.10867481083
               0.106       0.11073127851
               0.108       0.11278630665
                0.11       0.11483988535
               0.112       0.11689200473
               0.114       0.11894265491
               0.116         0.120991826
               0.118       0.12303950811
                0.12       0.12508569136
               0.122       0.12713036586
               0.124       0.12917352173
               0.126       0.13121514908
               0.128       0.13325523802
                0.13       0.13529377868
               0.132       0.13733076115
               0.134       0.13936617557
               0.136       0.14140001204
               0.138       0.14343226067
                0.14       0.14546291159
               0.142        0.1474919549
               0.144       0.14951938072
               0.146       0.15154517916
               0.148       0.15356934034
                0.15       0.15559185437
               0.152       0.15761271137
               0.154       0.15963190145
               0.156       0.16164941473
               0.158       0.16366524132
                0.16       0.16567937132
               0.162       0.16769179487
               0.164       0.16970250207
               0.166       0.17171148304
               0.168       0.17371872788
                0.17       0.17572422672
               0.172       0.17772796968
               0.174       0.17972994685
               0.176       0.18173014836
               0.178       0.18372856433
                0.18       0.18572518486
               0.182       0.18772000007
               0.184       0.18971300008
               0.186       0.19170417499
               0.188       0.19369351493
                0.19       0.19568101001
               0.192       0.19766665034
               0.194       0.19965042604
               0.196       0.20163232721
               0.198       0.20361234399
                 0.2       0.20559046647
               0.202       0.20756668477
               0.204       0.20954098902
               0.206       0.21151336931
               0.208       0.21348381577
                0.21       0.21545231851
               0.212       0.21741886765
               0.214        0.2193834533
               0.216       0.22134606557
               0.218       0.22330669457
                0.22       0.22526533043
               0.222       0.22722196326
               0.224       0.22917658317
               0.226       0.23112918027
               0.228       0.23307974468
                0.23       0.23502826651
               0.232       0.23697473589
               0.234       0.23891914291
               0.236        0.2408614777
               0.238       0.24280173037
                0.24       0.24473989104
               0.242       0.24667594981
               0.244       0.24860989681
               0.246       0.25054172215
               0.248       0.25247141594
                0.25       0.25439896829
               0.252       0.25632436933
               0.254       0.25824760916
               0.256        0.2601686779
               0.258       0.26208756566
                0.26       0.26400426257
               0.262       0.26591875872
               0.264       0.26783104424
               0.266       0.26974110924
               0.268       0.27164894383
                0.27       0.27355453814
               0.272       0.27545788226
               0.274       0.27735896633
               0.276       0.27925778045
               0.278       0.28115431473
                0.28       0.28304855929
               0.282       0.28494050425
               0.284       0.28683013972
               0.286       0.28871745581
               0.288       0.29060244264
                0.29       0.29248509032
               0.292       0.29436538897
               0.294        0.2962433287
               0.296       0.29811889962
               0.298       0.29999209185
                 0.3        0.3018628955
               0.302        0.3037313007
               0.304       0.30559729754
               0.306       0.30746087615
               0.308       0.30932202664
                0.31       0.31118073913
               0.312       0.31303700372
               0.314       0.31489081054
               0.316        0.3167421497
               0.318       0.31859101131
                0.32       0.32043738548
               0.322       0.32228126233
               0.324       0.32412263198
               0.326       0.32596148454
               0.328       0.32779781012
                0.33       0.32963159884
               0.332       0.33146284081
               0.334       0.33329152615
               0.336       0.33511764497
               0.338       0.33694118738
                0.34        0.3387621435
               0.342       0.34058050345
               0.344       0.34239625733
               0.346       0.34420939526
               0.348       0.34601990736
                0.35       0.34782778374
               0.352       0.34963301452
               0.354        0.3514355898
               0.356       0.35323549971
               0.358       0.35503273436
                0.36       0.35682728385
               0.362       0.35861913832
               0.364       0.36040828786
               0.366        0.3621947226
               0.368       0.36397843264
                0.37       0.36575940811
               0.372       0.36753763912
               0.374       0.36931311578
               0.376       0.37108582821
               0.378       0.37285576651
                0.38       0.37462292081
               0.382       0.37638728122
               0.384       0.37814883786
               0.386       0.37990758083
               0.388       0.38166350025
                0.39       0.38341658624
               0.392        0.3851668289
               0.394       0.38691421837
               0.396       0.38865874474
               0.398       0.39040039813
                 0.4       0.39213916867
               0.402       0.39387504645
               0.404        0.3956080216
               0.406       0.39733808423
               0.408       0.39906522445
                0.41       0.40078943239
               0.412       0.40251069814
               0.414       0.40422901184
               0.416       0.40594436359
               0.418        0.4076567435
                0.42       0.40936614169
               0.422       0.41107254828
               0.424       0.41277595337
               0.426       0.41447634709
               0.428       0.41617371955
                0.43       0.41786806085
               0.432       0.41955936113
               0.434       0.42124761048
               0.436       0.42293279903
               0.438       0.42461491689
                0.44       0.42629395417
               0.442       0.42796990099
               0.444       0.42964274745
               0.446       0.43131248369
               0.448       0.43297909981
                0.45       0.43464258591
               0.452       0.43630293213
               0.454       0.43796012858
               0.456       0.43961416535
               0.458       0.44126503259
                0.46       0.44291272038
               0.462       0.44455721886
               0.464       0.44619851813
               0.466       0.44783660831
               0.468       0.44947147951
                0.47       0.45110312185
               0.472       0.45273152544
               0.474        0.4543566804
               0.476       0.45597857684
               0.478       0.45759720487
                0.48       0.45921255461
               0.482       0.46082461618
               0.484       0.46243337968
               0.486       0.46403883523
               0.488       0.46564097295
                0.49       0.46723978295
               0.492       0.46883525534
               0.494       0.47042738024
               0.496       0.47201614777
               0.498       0.47360154803
                 0.5       0.47518357114
               0.502       0.47676220722
               0.504       0.47833744638
               0.506       0.47990927874
               0.508        0.4814776944
                0.51       0.48304268348
               0.512       0.48460423611
               0.514       0.48616234238
               0.516       0.48771699242
               0.518       0.48926817634
                0.52       0.49081588425
               0.522       0.49236010628
               0.524       0.49390083252
               0.526        0.4954380531
               0.528       0.49697175814
                0.53       0.49850193774
               0.532       0.50002858202
               0.534       0.50155168109
               0.536       0.50307122508
               0.538       0.50458720408
                0.54       0.50609960823
               0.542       0.50760842762
               0.544       0.50911365238
               0.546       0.51061527262
               0.548       0.51211327845
                0.55          0.51360766
               0.552       0.51509840736
               0.554       0.51658551067
               0.556       0.51806896002
               0.558       0.51954874554
                0.56       0.52102485734
               0.562       0.52249728554
               0.564       0.52396602024
               0.566       0.52543105156
               0.568       0.52689236963
                0.57       0.52834996454
               0.572       0.52980382642
               0.574       0.53125394538
               0.576       0.53270031153
               0.578       0.53414291519
                0.58       0.53558175225
               0.582       0.53701682507
               0.584        0.5384481368
               0.586       0.53987569102
               0.588       0.54129949176
                0.59       0.54271954342
               0.592       0.54413585079
               0.594       0.54554841901
               0.596       0.54695725356
               0.598       0.54836236021
                 0.6       0.54976374503
               0.602       0.55116141434
               0.604       0.55255537469
               0.606       0.55394563288
               0.608       0.55533219592
                0.61       0.55671507107
               0.612       0.55809426579
               0.614       0.55946978769
               0.616       0.56084164454
               0.618       0.56220984421
                0.62       0.56357439467
               0.622       0.56493530396
               0.624       0.56629258012
               0.626       0.56764623123
               0.628       0.56899626531
                0.63       0.57034269034
               0.632       0.57168551422
               0.634       0.57302474472
               0.636       0.57436038948
               0.638       0.57569245596
                0.64       0.57702095139
               0.642       0.57834588281
               0.644       0.57966725694
               0.646       0.58098508022
               0.648       0.58229935877
                0.65       0.58361009832
               0.652       0.58491730422
               0.654       0.58622098137
               0.656       0.58752113421
               0.658        0.5888177667
                0.66       0.59011088223
               0.662       0.59140048364
               0.664       0.59268657318
               0.666       0.59396915244
               0.668       0.59524822243
                0.67        0.5965237841
               0.672       0.59779583865
               0.674       0.59906438751
               0.676       0.60032943237
               0.678       0.60159097513
                0.68       0.60284901789
               0.682       0.60410356316
               0.684       0.60535461416
               0.686       0.60660217481
               0.688       0.60784624969
                0.69       0.60908684406
               0.692       0.61032396378
               0.694        0.6115576153
               0.696       0.61278780563
               0.698       0.61401454232
                 0.7        0.6152378334
               0.702       0.61645768738
               0.704       0.61767411321
               0.706       0.61888712023
               0.708       0.62009671818
                0.71       0.62130291712
               0.712       0.62250572744
               0.714       0.62370515981
               0.716       0.62490122513
               0.718       0.62609393454
                0.72       0.62728329937
               0.722       0.62846933108
               0.724       0.62965204126
               0.726       0.63083144161
               0.728       0.63200754385
                0.73       0.63318035974
               0.732       0.63434990104
               0.734       0.63551617945
               0.736       0.63667920659
               0.738       0.63783899399
                0.74         0.638995553
               0.742       0.64014889482
               0.744       0.64129903041
               0.746       0.64244597051
               0.748       0.64358972554
                0.75       0.64473030563
               0.752       0.64586772054
               0.754       0.64700197962
               0.756       0.64813309183
               0.758       0.64926106564
                0.76       0.65038590909
               0.762       0.65150763022
               0.764       0.65262623739
               0.766       0.65374173931
               0.768         0.654854145
                0.77       0.65596346377
               0.772       0.65706970523
               0.774       0.65817287922
               0.776       0.65927299582
               0.778       0.66037006537
                0.78       0.66146409837
               0.782       0.66255510551
               0.784       0.66364309767
               0.786       0.66472808583
               0.788       0.66581008114
                0.79       0.66688909482
               0.792       0.66796513817
               0.794       0.66903822259
               0.796        0.6701083595
               0.798       0.67117556032
                 0.8       0.67223983651
               0.802        0.6733011995
               0.804        0.6743596607
               0.806        0.6754152315
               0.808       0.67646792327
                0.81       0.67751774728
               0.812       0.67856471475
               0.814       0.67960883675
               0.816       0.68065012425
               0.818       0.68168858804
                0.82       0.68272423875
               0.822        0.6837570868
               0.824       0.68478714236
               0.826       0.68581441539
               0.828       0.68683891554
                0.83       0.68786065218
               0.832       0.68887963445
               0.834       0.68989587166
               0.836       0.69090937336
               0.838       0.69192014939
                0.84       0.69292820983
               0.842       0.69393356501
               0.844       0.69493622547
               0.846       0.69593620199
               0.848       0.69693350553
                0.85       0.69792814726
               0.852       0.69892013851
               0.854        0.6999094908
               0.856       0.70089621578
               0.858       0.70188032524
                0.86       0.70286183111
               0.862       0.70384074543
               0.864       0.70481708034
               0.866       0.70579084805
               0.868       0.70676206085
                0.87       0.70773073111
               0.872       0.70869687121
               0.874       0.70966049359
               0.876       0.71062161069
               0.878       0.71158023494
                0.88       0.71253637878
               0.882       0.71349005462
               0.884       0.71444127491
               0.886       0.71539005232
               0.888        0.7163363998
                0.89       0.71728033052
               0.892       0.71822185789
               0.894       0.71916099555
               0.896       0.72009775735
               0.898       0.72103215735
                 0.9       0.72196420983
               0.902       0.72289392921
               0.904       0.72382133014
               0.906        0.7247464274
               0.908       0.72566923596
                0.91       0.72658977091
               0.912       0.72750804749
               0.914       0.72842408108
               0.916       0.72933788715
               0.918       0.73024948131
                0.92       0.73115887924
               0.922       0.73206609672
               0.924       0.73297114958
               0.926       0.73387405374
               0.928       0.73477482515
                0.93       0.73567347981
               0.932       0.73657003374
               0.934       0.73746450297
               0.936       0.73835690355
               0.938       0.73924725151
                0.94       0.74013556284
               0.942       0.74102185352
               0.944       0.74190613947
               0.946       0.74278843654
               0.948       0.74366876052
                0.95        0.7445471271
               0.952       0.74542355187
               0.954        0.7462980503
               0.956       0.74717063774
               0.958       0.74804132938
                0.96       0.74891014031
               0.962       0.74977708564
               0.964       0.75064218056
               0.966       0.75150544028
               0.968       0.75236688009
                0.97       0.75322651528
               0.972       0.75408436118
               0.974       0.75494043314
               0.976       0.75579474648
               0.978       0.75664731653
                0.98        0.7574981586
               0.982       0.75834728796
               0.984       0.75919471983
               0.986       0.76004046936
               0.988       0.76088455167
                0.99       0.76172698176
               0.992       0.76256777455
               0.994       0.76340694485
               0.996       0.76424450735
               0.998       0.76508047661
                   1       0.76591486703
               1.002       0.76674769287
               1.004       0.76757896819
               1.006       0.76840870688
               1.008       0.76923692262
                1.01       0.77006362889
               1.012        0.7708888389
               1.014       0.77171256564
               1.016       0.77253482184
               1.018       0.77335561994
                1.02       0.77417497209
               1.022       0.77499289013
               1.024       0.77580938558
               1.026       0.77662446962
               1.028       0.77743815305
                1.03       0.77825044632
               1.032       0.77906135948
               1.034       0.77987090215
               1.036       0.78067908356
               1.038       0.78148591246
                1.04       0.78229139715
               1.042       0.78309554546
               1.044        0.7838983647
               1.046       0.78469986183
               1.048        0.7855000436
                1.05        0.7862989166
               1.052        0.7870964873
               1.054       0.78789276225
               1.056       0.78868774804
               1.058       0.78948145132
                1.06       0.79027387875
               1.062       0.79106503699
               1.064       0.79185493269
               1.066       0.79264357246
               1.068       0.79343096286
                1.07       0.79421711037
               1.072       0.79500202136
               1.074        0.7957857021
               1.076       0.79656815872
               1.078       0.79734939718
                1.08       0.79812942328
               1.082       0.79890824261
               1.084       0.79968586052
               1.086       0.80046228215
               1.088       0.80123751235
                1.09        0.8020115557
               1.092       0.80278441645
               1.094       0.80355609854
               1.096       0.80432660554
               1.098       0.80509594066
                 1.1        0.8058641067
               1.102       0.80663110602
               1.104       0.80739694057
               1.106        0.8081616118
               1.108       0.80892512068
                1.11       0.80968746765
               1.112       0.81044865263
               1.114       0.81120867494
               1.116       0.81196753334
               1.118       0.81272522595
                1.12       0.81348175025
               1.122       0.81423710308
               1.124       0.81499128054
               1.126       0.81574427805
               1.128       0.81649609026
                1.13       0.81724671106
               1.132       0.81799613353
               1.134       0.81874434993
               1.136       0.81949135167
               1.138       0.82023712927
                1.14       0.82098167233
               1.142       0.82172496955
               1.144       0.82246700862
               1.146       0.82320777644
               1.148       0.82394725957
                1.15       0.82468544443
               1.152        0.8254223173
               1.154       0.82615786429
               1.156       0.82689207132
               1.158       0.82762492416
                1.16       0.82835640837
               1.162       0.82908650929
               1.164       0.82981521205
               1.166       0.83054250156
               1.168       0.83126836248
                1.17       0.83199277921
               1.172        0.8327157359
               1.174        0.8334372164
               1.176       0.83415720428
               1.178       0.83487568282
                1.18       0.83559263497
               1.182       0.83630804334
               1.184       0.83702189023
               1.186       0.83773415755
               1.188       0.83844482687
                1.19       0.83915387936
               1.192       0.83986129582
               1.194       0.84056705661
               1.196       0.84127114188
               1.198       0.84197353198
                 1.2       0.84267420752
               1.202       0.84337314944
               1.204       0.84407033896
               1.206        0.8447657576
               1.208       0.84545938719
                1.21       0.84615121003
               1.212       0.84684120896
               1.214       0.84752936741
               1.216       0.84821566934
               1.218       0.84890009929
                1.22       0.84958264234
               1.222        0.8502632841
               1.224       0.85094201073
               1.226       0.85161880893
               1.228       0.85229366592
                1.23       0.85296656945
               1.232       0.85363750778
               1.234        0.8543064697
               1.236       0.85497344448
               1.238       0.85563842193
                1.24       0.85630139232
               1.242       0.85696234645
               1.244       0.85762127559
               1.246       0.85827817149
               1.248       0.85893302638
                1.25       0.85958583298
               1.252       0.86023658445
               1.254       0.86088527443
               1.256       0.86153189701
               1.258       0.86217644674
                1.26       0.86281891862
               1.262       0.86345930807
               1.264       0.86409761096
               1.266        0.8647338236
               1.268        0.8653679427
                1.27       0.86599996542
               1.272       0.86662988931
               1.274       0.86725771233
               1.276       0.86788343286
               1.278       0.86850704966
                1.28        0.8691285619
               1.282        0.8697479691
               1.284       0.87036527121
               1.286       0.87098046851
               1.288       0.87159356167
                1.29       0.87220455172
               1.292       0.87281344003
               1.294       0.87342022836
               1.296       0.87402491876
               1.298       0.87462751367
                 1.3       0.87522801582
               1.302       0.87582642829
               1.304       0.87642275446
               1.306       0.87701699804
               1.308       0.87760916304
                1.31       0.87819925377
               1.312       0.87878727482
               1.314       0.87937323108
               1.316       0.87995712771
               1.318       0.88053897016
                1.32       0.88111876412
               1.322       0.88169651555
               1.324       0.88227223067
               1.326       0.88284591592
               1.328         0.883417578
                1.33       0.88398722382
               1.332       0.88455486053
               1.334       0.88512049548
               1.336       0.88568413623
               1.338       0.88624579054
                1.34       0.88680546636
               1.342       0.88736317182
               1.344       0.88791891522
               1.346       0.88847270505
               1.348       0.88902454993
                1.35       0.88957445864
               1.352       0.89012244012
               1.354        0.8906685034
               1.356       0.89121265768
               1.358       0.89175491225
                1.36       0.89229527652
               1.362       0.89283375997
               1.364       0.89337037221
               1.366        0.8939051229
               1.368       0.89443802178
                1.37       0.89496907864
               1.372       0.89549830335
               1.374       0.89602570578
               1.376       0.89655129587
               1.378       0.89707508355
                1.38       0.89759707879
               1.382       0.89811729155
               1.384       0.89863573176
               1.386       0.89915240937
               1.388       0.89966733426
                1.39       0.90018051631
               1.392       0.90069196532
               1.394       0.90120169103
               1.396       0.90170970312
               1.398       0.90221601118
                 1.4       0.90272062469
               1.402       0.90322355304
               1.404       0.90372480549
               1.406       0.90422439118
               1.408        0.9047223191
                1.41       0.90521859809
               1.412        0.9057132368
               1.414       0.90620624373
               1.416       0.90669762717
               1.418       0.90718739521
                1.42       0.90767555572
               1.422       0.90816211635
               1.424       0.90864708442
               1.426       0.90913046569
               1.428       0.90961226467
                1.43       0.91009248579
               1.432       0.91057113351
               1.434       0.91104821228
               1.436       0.91152372656
               1.438       0.91199768078
                1.44        0.9124700794
               1.442       0.91294092687
               1.444       0.91341022764
               1.446       0.91387798616
               1.448       0.91434420688
                1.45       0.91480889425
               1.452       0.91527205272
               1.454       0.91573368674
               1.456       0.91619380075
               1.458       0.91665239922
                1.46       0.91710948658
               1.462        0.9175650673
               1.464       0.91801914581
               1.466       0.91847172657
               1.468       0.91892281403
                1.47       0.91937241263
               1.472       0.91982052684
               1.474       0.92026716109
               1.476       0.92071231984
               1.478       0.92115600754
                1.48       0.92159822864
               1.482       0.92203898759
               1.484       0.92247828883
               1.486       0.92291613682
               1.488       0.92335253601
                1.49       0.92378749085
               1.492       0.92422100578
               1.494       0.92465308526
               1.496       0.92508373374
               1.498       0.92551295567
                 1.5       0.92594075549
               1.502       0.92636713766
               1.504       0.92679210663
               1.506       0.92721566684
               1.508       0.92763782276
                1.51       0.92805857881
               1.512       0.92847793947
               1.514       0.92889590917
               1.516       0.92931249237
               1.518       0.92972769352
                1.52       0.93014151706
               1.522       0.93055396744
               1.524       0.93096504913
               1.526       0.93137476656
               1.528       0.93178312418
                1.53       0.93219012646
               1.532       0.93259577783
               1.534       0.93300008274
               1.536       0.93340304565
               1.538         0.933804671
                1.54       0.93420496326
               1.542       0.93460392685
               1.544       0.93500156624
               1.546       0.93539788588
               1.548       0.93579289021
                1.55       0.93618658369
               1.552       0.93657897077
               1.554       0.93697005588
               1.556        0.9373598435
               1.558       0.93774833806
                1.56       0.93813554401
               1.562       0.93852146581
               1.564        0.9389061079
               1.566       0.93928947474
               1.568       0.93967157077
                1.57       0.94005240044
               1.572       0.94043196821
               1.574       0.94081027853
               1.576       0.94118733584
               1.578       0.94156314459
                1.58       0.94193770923
               1.582       0.94231103422
               1.584       0.94268312401
               1.586       0.94305398304
               1.588       0.94342361576
                1.59       0.94379202662
               1.592       0.94415922008
               1.594       0.94452520059
               1.596       0.94488997258
               1.598       0.94525354052
                 1.6       0.94561590885
               1.602       0.94597708203
               1.604        0.9463370645
               1.606       0.94669586071
               1.608       0.94705347511
                1.61       0.94740991216
               1.612        0.9477651763
               1.614       0.94811927198
               1.616       0.94847220366
               1.618       0.94882397577
                1.62       0.94917459278
               1.622       0.94952405914
               1.624       0.94987237928
               1.626       0.95021955767
               1.628       0.95056559875
                1.63       0.95091050697
               1.632       0.95125428678
               1.634       0.95159694263
               1.636       0.95193847898
               1.638       0.95227890027
                1.64       0.95261821095
               1.642       0.95295641547
               1.644       0.95329351828
               1.646       0.95362952383
               1.648       0.95396443658
                1.65       0.95429826097
               1.652       0.95463100144
               1.654       0.95496266246
               1.656       0.95529324847
               1.658       0.95562276392
                1.66       0.95595121326
               1.662       0.95627860094
               1.664       0.95660493142
               1.666       0.95693020913
               1.668       0.95725443853
                1.67       0.95757762408
               1.672       0.95789977021
               1.674       0.95822088139
               1.676       0.95854096205
               1.678       0.95886001665
                1.68       0.95917804965
               1.682       0.95949506548
               1.684       0.95981106861
               1.686       0.96012606347
               1.688       0.96044005453
                1.69       0.96075304622
               1.692         0.961065043
               1.694       0.96137604932
               1.696       0.96168606964
               1.698       0.96199510839
                 1.7       0.96230317003
               1.702       0.96261025901
               1.704       0.96291637977
               1.706       0.96322153678
               1.708       0.96352573448
                1.71       0.96382897731
               1.712       0.96413126974
               1.714        0.9644326162
               1.716       0.96473302115
               1.718       0.96503248904
                1.72       0.96533102432
               1.722       0.96562863143
               1.724       0.96592531484
               1.726       0.96622107898
               1.728       0.96651592831
                1.73       0.96680986728
               1.732       0.96710290033
               1.734       0.96739503193
               1.736       0.96768626651
               1.738       0.96797660853
                1.74       0.96826606243
               1.742       0.96855463268
               1.744       0.96884232371
               1.746       0.96912913998
               1.748       0.96941508594
                1.75       0.96970016603
               1.752       0.96998438471
               1.754       0.97026774643
               1.756       0.97055025563
               1.758       0.97083191678
                1.76        0.9711127343
               1.762       0.97139271267
               1.764       0.97167185632
               1.766       0.97195016971
               1.768       0.97222765728
                1.77       0.97250432349
               1.772       0.97278017279
               1.774       0.97305520963
               1.776       0.97332943844
               1.778        0.9736028637
                1.78       0.97387548984
               1.782       0.97414732132
               1.784       0.97441836258
               1.786       0.97468861808
               1.788       0.97495809227
                1.79       0.97522678959
               1.792       0.97549471449
               1.794       0.97576187143
               1.796       0.97602826486
               1.798       0.97629389922
                 1.8       0.97655877897
               1.802       0.97682290855
               1.804       0.97708629242
               1.806       0.97734893502
               1.808       0.97761084081
                1.81       0.97787201423
               1.812       0.97813245974
               1.814       0.97839218178
               1.816        0.9786511848
               1.818       0.97890947326
                1.82       0.97916705161
               1.822       0.97942392429
               1.824       0.97968009575
               1.826       0.97993557045
               1.828       0.98019035283
                1.83       0.98044444734
               1.832       0.98069785844
               1.834       0.98095059057
               1.836       0.98120264819
               1.838       0.98145403574
                1.84       0.98170475767
               1.842       0.98195481844
               1.844       0.98220422249
               1.846       0.98245297428
               1.848       0.98270107824
                1.85       0.98294853884
               1.852       0.98319536053
               1.854       0.98344154774
               1.856       0.98368710494
               1.858       0.98393203657
                1.86       0.98417634709
               1.862       0.98442004094
               1.864       0.98466312257
               1.866       0.98490559643
               1.868       0.98514746697
                1.87       0.98538873865
               1.872       0.98562941591
               1.874        0.9858695032
               1.876       0.98610900498
               1.878       0.98634792568
                1.88       0.98658626977
               1.882       0.98682404169
               1.884       0.98706124589
               1.886       0.98729788683
               1.888       0.98753396894
                1.89       0.98776949669
               1.892       0.98800447452
               1.894       0.98823890688
               1.896       0.98847279822
               1.898       0.98870615299
                 1.9       0.98893897564
               1.902       0.98917127063
               1.904       0.98940304239
               1.906       0.98963429539
               1.908       0.98986503407
                1.91       0.99009526287
               1.912       0.99032498626
               1.914       0.99055420868
               1.916       0.99078293458
               1.918       0.99101116841
                1.92       0.99123891462
               1.922       0.99146617766
               1.924       0.99169296198
               1.926       0.99191927203
               1.928       0.99214511226
                1.93       0.99237048712
               1.932       0.99259540107
               1.934       0.99281985854
               1.936       0.99304386399
               1.938       0.99326742187
                1.94       0.99349053663
               1.942       0.99371321271
               1.944       0.99393545458
               1.946       0.99415726668
               1.948       0.99437865346
                1.95       0.99459961936
               1.952       0.99482016885
               1.954       0.99504030636
               1.956       0.99526003636
               1.958       0.99547936328
                1.96       0.99569829158
               1.962       0.99591682571
               1.964       0.99613497011
               1.966       0.99635272925
               1.968       0.99657010757
                1.97       0.99678710951
               1.972       0.99700373953
               1.974       0.99722000208
               1.976       0.99743590161
               1.978       0.99765144256
                1.98        0.9978666294
               1.982       0.99808146656
               1.984        0.9982959585
               1.986       0.99851010966
               1.988       0.99872392451
                1.99       0.99893740748
               1.992       0.99915056303
               1.994       0.99936339561
               1.996       0.99957590966
               1.998       0.99978810964
                   2                   1
