            0.801178                   0               0.516
            1.602356       0.31651428571       0.59431428571
            2.403534       0.35981428571       0.59431428571
            3.204712       0.36101428571       0.59431428571
             4.00589       0.36101428571       0.59431428571
            4.807068       0.36101428571       0.59671428571
            5.608246       0.36101428571       0.67031428571
            6.409424              0.3755              0.6789
            7.210602              0.3755               0.684
             8.01178              0.3755              0.7143
            8.812958              0.3813              0.7525
            9.614136       0.40232857143       0.81802857143
           10.415314       0.40232857143       0.81802857143
           11.216492       0.40412857143       0.83922857143
            12.01767       0.40412857143       0.89842857143
           12.818848       0.49284285714       0.94084285714
           13.620026       0.49284285714       0.94084285714
           14.421204       0.59674285714       0.94084285714
           15.222382       0.59674285714       0.94774285714
            16.02356       0.69216666667       0.94776666667
           16.824738       0.70836666667       0.94776666667
           17.625916       0.73016666667       0.94776666667
           18.427094       0.73016666667       0.94776666667
           19.228272       0.73076666667       0.94776666667
            20.02945       0.73076666667       0.95976666667
           20.830628              0.7415              0.9598
           21.631806              0.7546              0.9598
           22.432984              0.7562              0.9598
           23.234162       0.76707142857       0.96537142857
            24.03534       0.79907142857       0.96537142857
           24.836518       0.81037142857       0.96537142857
           25.637696       0.83497094017       0.96767094017
           26.438874       0.85017094017       0.96767094017
           27.240052       0.85467094017       0.96767094017
            28.04123       0.86297094017       0.96767094017
           28.842408       0.87007094017       0.96767094017
           29.643586       0.88107094017       0.96767094017
           30.444764       0.88507094017       0.96767094017
           31.245942       0.88997094017       0.96767094017
            32.04712       0.89247094017       0.96767094017
           32.848298       0.89357094017       0.96767094017
           33.649476       0.89627094017       0.96767094017
           34.450654       0.89877094017       0.96767094017
           35.251832       0.89967094017       0.96767094017
            36.05301       0.90007094017       0.96767094017
           36.854188       0.90017094017       0.96767094017
           37.655366       0.90017094017       0.96767094017
           38.456544       0.90017094017       0.96767094017
           39.257722       0.90017094017       0.96767094017
             40.0589       0.90017094017       0.96767094017
           40.860078       0.90097094017       0.96767094017
           41.661256       0.90137094017       0.96767094017
           42.462434       0.90137094017       0.96767094017
           43.263612       0.90137094017       0.96767094017
            44.06479       0.90137094017       0.96767094017
           44.865968       0.90137094017       0.96767094017
           45.667146       0.90137094017       0.96767094017
           46.468324       0.90137094017       0.96767094017
           47.269502       0.90137094017       0.96767094017
            48.07068       0.90137094017       0.96767094017
           48.871858       0.90137094017       0.96767094017
           49.673036       0.90137094017       0.96767094017
           50.474214       0.90137094017       0.96767094017
           51.275392       0.90137094017       0.96767094017
            52.07657       0.90137094017       0.96767094017
           52.877748       0.90137094017       0.96767094017
           53.678926       0.90137094017       0.96767094017
           54.480104       0.90137094017       0.96777094017
           55.281282       0.90137094017       0.96777094017
            56.08246       0.90137094017       0.96777094017
           56.883638       0.90137094017       0.96777094017
           57.684816       0.90137094017       0.96777094017
           58.485994       0.90137094017       0.96777094017
           59.287172       0.90137094017       0.96777094017
            60.08835       0.90137094017       0.96777094017
           60.889528       0.90137094017       0.96897094017
           61.690706       0.90137094017       0.96897094017
           62.491884       0.90137094017       0.96897094017
           63.293062       0.90137094017       0.97507094017
            64.09424       0.90137094017       0.97507094017
           64.895418       0.90187094017       0.99027094017
           65.696596       0.90227094017       0.99027094017
           66.497774       0.90257094017       0.99027094017
           67.298952       0.90257094017       0.99027094017
            68.10013       0.90257094017       0.99027094017
           68.901308       0.90257094017       0.99027094017
           69.702486       0.90257094017       0.99027094017
           70.503664       0.90257094017       0.99027094017
           71.304842       0.90257094017       0.99027094017
            72.10602       0.90257094017       0.99027094017
           72.907198       0.90257094017       0.99027094017
           73.708376       0.90257094017       0.99027094017
           74.509554       0.90257094017       0.99997094017
           75.310732       0.90257094017       0.99997094017
            76.11191       0.90257094017       0.99997094017
           76.913088       0.90257094017       0.99997094017
           77.714266       0.90257094017       0.99997094017
           78.515444              0.9044                   1
           79.316622              0.9044                   1
