   0.2740          0        1
   0.3781          0        1
   0.5288          0        1
   0.5342          0        1
   0.9452          1        1
   0.9479          0        1
   0.9863          0        1
   1.1068          0        1
   1.2274          0        1
   1.2301          1        1
   1.2685          1        1
   1.4438          1        1
   1.6603          1        1
   1.7589          1        1
   1.8877          1        1
   2.4274          1        1
   2.4986          0        1
   2.5589          1        1
   2.7808          0        1
   2.8712          1        1
   3.0685          1        1
   3.1616          1        1
   3.3562          1        1
   3.6740          0        1
   3.8493          0        1
   3.9342          0        1
   3.9890          0        1
   4.0000          0        1
   4.1014          1        1
   4.2055          1        1
   4.2137          0        1
   4.2712          1        1
   4.3068          0        1
   4.4877          0        1
   4.4904          1        1
   4.6767          1        1
   4.7370          0        1
   4.7452          0        1
   4.7507          0        1
   5.0219          0        1
   5.1315          0        1
   5.3699          0        1
   5.4932          0        1
   5.5342          0        1
   5.6411          1        1
   5.7205          0        1
   5.8795          1        1
   6.3068          1        1
   6.3178          1        1
   6.8137          0        1
   7.0219          0        1
   7.2630          0        1
   8.3014          1        1
   8.4329          0        1
   8.4575          1        1
   8.7014          0        1
   8.8685          1        1
   8.8904          1        1
   9.1370          0        1
   9.3425          0        1
   9.4603          2        2
  10.7370          0        1
  10.8712          1        1
  11.8219          0        1
  12.2822          1        1
  12.4274          0        1
  12.4548          1        1
  12.4877          1        1
  13.8329          1        1
  13.8658          1        1
  14.1397          1        1
  14.1973          1        1
  14.8986          0        1
  15.4466          1        1
  15.4767          1        1
  15.8082          1        1
  16.5507          1        1
  16.9425          1        1
  17.4274          1        1
  17.5041          1        1
  18.6301          1        1
  18.8438          1        1
  19.3397          1        1
  19.5973          1        1
  19.8384          1        1
  19.9041          1        1
  20.0027          0        2
  20.8000          1        1
  21.2164          1        1
  21.3589          1        1
  21.8000          1        1
  21.8795          1        1
  22.3589          1        1
  23.0192          1        1
  23.2110          0        1
  23.2219          1        1
  23.5945          1        1
  23.8959          1        1
  23.9973          1        1
  24.0301          1        1
  24.2356          1        1
  24.4795          1        1
  24.6356          1        1
  24.6822          1        1
  24.7342          1        1
  25.0055          1        1
  25.0164          1        1
  25.1096          1        1
  25.1479          0        1
  25.2932          1        1
  25.3562          1        1
  25.5562          1        1
  25.5945          1        1
  25.8959          1        1
  26.1918          2        2
  26.9890          1        1
  27.3890          1        1
  27.9945          1        1
  28.1753          1        1
  28.2301          1        1
  29.2603          1        1
  29.4959          1        1
  29.5041          1        1
  29.6274          1        1
  30.0356          1        1
  30.0548          1        1
  30.6795          1        1
  31.0493          1        1
  31.1973          1        1
  31.4603          1        1
  31.6822          1        1
  32.3233          1        1
  32.8493          1        1
  32.8548          1        1
  33.2164          1        1
  33.6548          1        1
  33.8603          1        1
  33.9836          1        1
  34.0274          1        1
  34.5589          1        1
  34.7890          1        1
  35.7288          1        1
  36.1205          2        2
  36.1562          1        1
  36.3041          1        1
  37.6493          1        1
  38.0959          1        1
  38.8055          1        1
  39.0767          1        1
  39.0904          1        1
  39.1863          1        1
  39.4274          0        1
  40.4438          1        1
  40.5945          1        1
  40.6219          1        1
  40.9014          1        1
  40.9753          1        1
  41.0027          1        1
  41.0164          2        2
  41.1836          1        1
  42.7808          1        1
  43.7096          1        1
  43.7699          1        1
  43.7836          1        1
  43.8301          1        1
  43.9068          1        1
  43.9699          1        1
  44.0548          1        1
  44.8877          1        1
  45.1644          1        1
  45.2082          0        1
  45.2521          1        1
  45.4630          1        1
  45.6219          1        1
  45.8000          1        1
  46.1671          1        1
  46.3014          1        1
  46.9616          1        1
  46.9890          1        1
  47.1123          1        1
  47.2329          1        1
  47.4932          1        1
  48.4082          1        1
  48.6603          1        1
  49.1836          1        1
  50.4630          1        1
  50.6712          1        1
  51.0438          1        1
  51.4219          1        1
  52.4137          1        1
  52.6795          1        1
  53.1534          1        1
  53.7178          0        1
  54.5425          1        1
  54.5973          1        1
  55.4521          1        1
  55.7973          1        1
  57.2521          1        1
  57.8055          1        1
  58.4932          1        1
  58.6521          1        1
  59.6438          1        1
  60.5918          1        1
  60.6301          0        1
  60.9616          1        1
  60.9753          1        1
  62.5425          0        1
  63.0466          1        1
  64.2027          0        1
  64.2712          1        1
  65.0658          1        1
  66.2411          1        1
  66.4301          1        1
  67.1452          1        1
  67.3945          1        1
  67.4438          1        1
  67.6192          1        1
  69.0767          1        1
  69.1452          1        1
  73.4740          1        1
  73.6822          1        1
  73.9890          1        1
  74.4658          0        1
  77.8027          1        1
  80.1178          1        1