                0.02      0.018291694803      0.027077677843
                0.04      0.036676741358       0.05374899747
                0.06      0.054930239237      0.079402946006
                0.08       0.07294502075       0.10461852255
                 0.1      0.091517916709       0.12865602033
                0.12       0.10955794787       0.15222658931
                0.14       0.12804730061       0.17544141942
                0.16       0.14677101949       0.19683596595
                0.18        0.1649811651       0.21823103762
                 0.2       0.18431804563       0.23865326333
                0.22       0.20235280021       0.25967914184
                0.24       0.21876150905       0.27829448327
                0.26       0.23746094327       0.29630575024
                0.28       0.25410776752       0.31347915088
                 0.3       0.26900852093        0.3300148425
                0.32       0.28452448848       0.34523386928
                0.34       0.29732893783       0.35974709621
                0.36       0.31168613357       0.37404999919
                0.38       0.32560737714       0.38915210826
                 0.4       0.33933989727       0.40379338734
                0.42       0.35165687834       0.41807114711
                0.44       0.36557554941        0.4319565088
                0.46       0.37872131997       0.44598096965
                0.48       0.39133538457        0.4607909554
                 0.5       0.40614114119       0.47618330459
                0.52       0.41940832046       0.49210562758
                0.54       0.43350429301       0.50554332312
                0.56       0.44794529517       0.51909133518
                0.58       0.45946801314       0.53059939386
                 0.6       0.47104186242       0.54210112174
                0.62       0.48081504156       0.55274739637
                0.64       0.49149702091        0.5621423304
                0.66       0.50137593913       0.57154890399
                0.68       0.51154733356       0.58277555163
                 0.7       0.52166982202       0.59248762126
                0.72       0.53214654728        0.6046288125
                0.74       0.54209377096       0.61489690647
                0.76       0.55360027367       0.62430448719
                0.78       0.56433738955       0.63536028801
                 0.8       0.57716168516       0.64638962437
                0.82        0.5878191408       0.65752312485
                0.84       0.59790428644       0.66916977018
                0.86       0.60933948511       0.67846509733
                0.88       0.62008837175          0.68781119
                 0.9       0.63001509422       0.69785466471
                0.92       0.63990800746       0.70622774179
                0.94       0.65121818572       0.71513518337
                0.96       0.66060997186       0.72401997679
                0.98       0.66807482708       0.73245785973
                   1       0.67664804695       0.74115109632
                1.02       0.68537759512       0.74883196004
                1.04       0.69470970456       0.75927718762
                1.06       0.70375424955       0.76782005865
                1.08       0.71380875301       0.77628633941
                 1.1       0.72450332285       0.78503139002
                1.12       0.73481651279       0.79426933731
                1.14       0.74477972906       0.80341719465
                1.16       0.75558586787       0.81302412498
                1.18       0.76720021477       0.82288346704
                 1.2       0.77607617716       0.83112205794
                1.22       0.78586102758       0.83867425281
                1.24       0.79419648078       0.84584175061
                1.26       0.80219657829       0.85282880444
                1.28       0.81003226751       0.85940685892
                 1.3       0.81809855792       0.86645487649
                1.32       0.82637263052       0.87356024966
                1.34       0.83439802479        0.8801991209
                1.36       0.84157176224       0.88765718061
                1.38       0.84864230563       0.89612362019
                 1.4        0.8574663883       0.90343017552
                1.42       0.86682524993       0.91093834933
                1.44       0.87494516575       0.91834118761
                1.46        0.8829570621       0.92555709048
                1.48       0.88953335349        0.9312799583
                 1.5       0.89660908021       0.93752363018
                1.52       0.90204728178       0.94279426654
                1.54       0.90702225172       0.94699941296
                1.56        0.9116815261       0.95064755836
                1.58       0.91583760594       0.95429330281
                 1.6       0.91947315716       0.95696104944
                1.62       0.92350465399       0.95910662976
                1.64       0.92750816017       0.96186483686
                1.66       0.93161309531       0.96504515691
                1.68       0.93630390326       0.96824306627
                 1.7       0.94080860659       0.97053666818
                1.72       0.94568314224       0.97406439685
                1.74       0.95071590091       0.97777601448
                1.76        0.9556782847       0.98143576726
                1.78       0.96040107623       0.98461973161
                 1.8       0.96499467045       0.98768189021
                1.82       0.96945869527       0.99011072447
                1.84        0.9733087028       0.99265204546
                1.86       0.97703393879       0.99470188453
                1.88       0.98015305865       0.99660426098
                 1.9       0.98339285383       0.99809340436
                1.92        0.9865877736       0.99923045567
                1.94       0.98988598061       0.99987912334
                1.96       0.99313339525        1.0001387858
                1.98       0.99656171733        1.0001253512
