                0.02   -0.00078819520363
                0.04    -0.0015355863318
                0.06    -0.0022035047436
                0.08    -0.0027567749518
                 0.1    -0.0031702114274
                0.12    -0.0034314650348
                0.14    -0.0035443870765
                0.16    -0.0035257344352
                0.18    -0.0034045352577
                 0.2    -0.0032219899206
                0.22    -0.0030199681529
                0.24    -0.0028258247256
                0.26    -0.0026397471875
                0.28    -0.0024524772489
                 0.3    -0.0022634823808
                0.32    -0.0020750787337
                0.34    -0.0018913445283
                0.36    -0.0017158564316
                0.38    -0.0015483390192
                 0.4    -0.0013857541203
                0.42     -0.001224255822
                0.44     -0.001060141264
                0.46   -0.00088951368597
                0.48   -0.00070961320904
                 0.5   -0.00052110195775
                0.52   -0.00033038913004
                0.54   -0.00014675194065
                0.56    2.4358146116e-05
                0.58    0.00018186991367
                 0.6    0.00032528255154
                0.62    0.00045126559061
                0.64    0.00055462184844
                0.66    0.00062610521739
                0.68    0.00065446226836
                 0.7    0.00063496918635
                0.72    0.00057215303524
                0.74    0.00047694813506
                0.76    0.00035981420492
                0.78    0.00022956484327
                 0.8     9.736998125e-05
                0.82   -2.5820558658e-05
                0.84   -0.00013105126471
                0.86   -0.00020873689651
                0.88   -0.00025313201676
                 0.9   -0.00026341183761
                0.92   -0.00024105237882
                0.94    -0.0001904143474
                0.96   -0.00011740690948
                0.98   -2.9378927046e-05
                   1    6.3547664557e-05
                1.02    0.00014782513186
                1.04    0.00021163727167
                1.06    0.00025008888767
                1.08    0.00026465947296
                 1.1    0.00026231539215
                1.12    0.00025367954141
                1.14    0.00024771186624
                1.16     0.0002496735877
                1.18    0.00026370222858
                 1.2     0.0002925249528
                1.22    0.00033815518015
                1.24    0.00040049462218
                1.26    0.00047590156852
                1.28    0.00055868571587
                 1.3    0.00064312357615
                1.32    0.00072614890887
                1.34    0.00080786271836
                1.36    0.00088808377478
                1.38    0.00096605609356
                 1.4     0.0010412529813
                1.42     0.0011133829912
                1.44     0.0011826812121
                1.46     0.0012499379109
                1.48     0.0013145184016
                 1.5      0.001372765283
                1.52     0.0014202098073
                1.54     0.0014539707228
                1.56     0.0014713448061
                1.58     0.0014704074419
                 1.6      0.001453381344
                1.62     0.0014264537416
                1.64     0.0013972366434
                1.66     0.0013738779344
                1.68     0.0013635676371
                 1.7     0.0013726982915
                1.72     0.0014063198175
                1.74     0.0014678707913
                1.76      0.001558930914
                1.78     0.0016762841301
                 1.8     0.0018097979518
                1.82     0.0019410555184
                1.84     0.0020444045901
                1.86     0.0020917612515
                1.88     0.0020586921195
                 1.9      0.001929717196
                1.92     0.0016998343537
                1.94     0.0013742309936
                1.96    0.00096698683518
                1.98    0.00049968185977
