   1.4948007324e-311                   0
      0.034134919152      0.050847457627
      0.071632637242      0.089552238806
      0.098463554625       0.13333333333
       0.13348424413       0.14285714286
       0.13537766203       0.17777777778
       0.22419309295       0.24561403509
       0.25138847133       0.29126213592
       0.28992888117       0.32584269663
       0.32987717213       0.34901960784
       0.42657167731               0.375
       0.43167902301        0.3963963964
       0.48516359698       0.46853146853
       0.54186607514                 0.5
       0.62317883673       0.55014326648
       0.76997716946       0.58333333333
       0.77373649613       0.60869565217
       0.78440972571       0.63551401869
       0.83670793737       0.66071428571
       0.94796671896       0.66666666667
       0.95132927557       0.69333333333
       0.97845090901       0.72321428571
        1.0652934008       0.74666666667
         1.162064478       0.82995951417
        1.2531826439       0.83333333333
         1.272102864       0.83707865169
        1.3387935572       0.84615384615
        1.3420837989       0.87037037037
        1.3663457022       0.87074829932
        1.4193419052       0.89090909091
        1.4414894939       0.92307692308
         1.471219603       0.93258426966
         1.541706867       0.94070080863
        1.7045232104       0.95833333333
        1.7106034456       0.96296296296
        1.7224340971       0.97619047619
          1.73913667       0.97727272727
        1.8082165143       0.98245614035
        1.8294761257       0.99678456592
        1.9412349546                   1
                   2                   1
