                0.02               0.082
                0.04               0.081
                0.06                0.08
                0.08               0.078
                 0.1               0.076
                0.12               0.072
                0.14                0.07
                0.16               0.063
                0.18               0.056
                 0.2               0.058
                0.22               0.055
                0.24               0.059
                0.26               0.052
                0.28               0.053
                 0.3               0.051
                0.32               0.054
                0.34                0.06
                0.36               0.057
                0.38               0.056
                 0.4               0.055
                0.42                0.05
                0.44               0.052
                0.46               0.047
                0.48               0.048
                 0.5               0.043
                0.52               0.043
                0.54               0.042
                0.56               0.048
                0.58               0.053
                 0.6               0.053
                0.62               0.044
                0.64               0.043
                0.66               0.046
                0.68               0.049
                 0.7               0.051
                0.72                0.05
                0.74               0.044
                0.76               0.056
                0.78               0.053
                 0.8               0.049
                0.82               0.055
                0.84               0.051
                0.86               0.053
                0.88               0.052
                 0.9               0.056
                0.92                0.06
                0.94               0.057
                0.96               0.063
                0.98               0.062
                   1               0.057
                1.02               0.053
                1.04               0.051
                1.06                0.05
                1.08               0.047
                 1.1                0.05
                1.12               0.051
                1.14               0.047
                1.16               0.042
                1.18               0.043
                 1.2               0.044
                1.22               0.036
                1.24               0.042
                1.26               0.041
                1.28               0.048
                 1.3               0.051
                1.32               0.046
                1.34               0.043
                1.36               0.045
                1.38               0.043
                 1.4               0.042
                1.42               0.049
                1.44                0.05
                1.46               0.047
                1.48               0.048
                 1.5               0.044
                1.52               0.045
                1.54               0.045
                1.56               0.046
                1.58               0.046
                 1.6               0.046
                1.62               0.046
                1.64               0.048
                1.66               0.049
                1.68               0.044
                 1.7               0.038
                1.72               0.038
                1.74                0.04
                1.76               0.039
                1.78               0.044
                 1.8                0.05
                1.82               0.056
                1.84               0.063
                1.86               0.066
                1.88               0.062
                 1.9               0.058
                1.92               0.064
                1.94               0.066
                1.96               0.071
                1.98               0.071
