               0.002     0.0021286010086
               0.004     0.0042570091361
               0.006     0.0063850302585
               0.008     0.0085124677649
                0.01      0.010639121311
               0.012       0.01276478557
               0.014      0.014889248978
               0.016      0.017012295018
               0.018       0.01913371721
                0.02      0.021253328646
               0.022      0.023370961573
               0.024       0.02548646648
               0.026      0.027599711201
               0.028       0.02971058004
                0.03      0.031818972911
               0.032        0.0339248045
               0.034      0.036028003436
               0.036      0.038128511485
               0.038       0.04022628275
                0.04      0.042321282891
               0.042      0.044413488344
               0.044       0.04650288557
               0.046      0.048589470293
               0.048      0.050673246758
                0.05      0.052754226996
               0.052      0.054832430088
               0.054      0.056907881753
               0.056      0.058980617492
               0.058      0.061050685877
                0.06      0.063118147844
               0.062      0.065183075542
               0.064      0.067245551184
               0.066      0.069305665917
               0.068      0.071363518684
                0.07      0.073419215106
               0.072      0.075472866358
               0.074      0.077524588051
               0.076      0.079574499116
               0.078      0.081622720689
                0.08      0.083669374993
               0.082      0.085714584223
               0.084       0.08775846942
               0.086       0.08980114935
               0.088      0.091842739372
                0.09      0.093883350298
               0.092      0.095923087252
               0.094      0.097962048746
               0.096       0.10000032819
               0.098       0.10203801531
                 0.1       0.10407519496
               0.102       0.10611194563
               0.104       0.10814833804
               0.106       0.11018443687
               0.108        0.1122203055
                0.11       0.11425600729
               0.112       0.11629160483
               0.114       0.11832715901
               0.116       0.12036272807
               0.118       0.12239836668
                0.12       0.12443412495
               0.122       0.12647004753
               0.124       0.12850617262
               0.126       0.13054253099
               0.128       0.13257914501
                0.13       0.13461602766
               0.132       0.13665318153
               0.134       0.13869059778
               0.136       0.14072825514
               0.138       0.14276611884
                0.14       0.14480413957
               0.142       0.14684225376
               0.144       0.14888038941
               0.146        0.1509184688
               0.148       0.15295640808
                0.15        0.1549941167
               0.152       0.15703149688
               0.154       0.15906844299
               0.156       0.16110484103
               0.158       0.16314056795
                0.16       0.16517549112
               0.162       0.16720946762
               0.164       0.16924234364
               0.166       0.17127395381
               0.168       0.17330412075
                0.17       0.17533265862
               0.172       0.17735937789
               0.174       0.17938408571
               0.176       0.18140658576
               0.178       0.18342667791
                0.18       0.18544415803
               0.182       0.18745881766
               0.184       0.18947044375
               0.186       0.19147881836
               0.188       0.19348371828
                0.19       0.19548491478
               0.192         0.197482175
               0.194       0.19947526536
               0.196       0.20146395209
               0.198       0.20344800326
                 0.2       0.20542719004
               0.202       0.20740128582
               0.204       0.20937006517
               0.206       0.21133330367
               0.208       0.21329078403
                0.21        0.2152423006
               0.212       0.21718765925
               0.214       0.21912667692
               0.216       0.22105918114
               0.218       0.22298500957
                0.22       0.22490400958
               0.222       0.22681603772
               0.224       0.22872095929
               0.226       0.23061864783
               0.228       0.23250898461
                0.23       0.23439185814
               0.232       0.23626716362
               0.234       0.23813480244
               0.236       0.23999468164
               0.238       0.24184671327
                0.24       0.24369081392
               0.242       0.24552690404
               0.244       0.24735490737
               0.246       0.24917475029
               0.248        0.2509863612
                0.25       0.25278967229
               0.252        0.2545846295
               0.254       0.25637119622
               0.256       0.25814935179
               0.258       0.25991908984
                0.26       0.26168041663
               0.262       0.26343334938
               0.264       0.26517791458
               0.266        0.2669141463
               0.268       0.26864208453
                0.27       0.27036177343
               0.272       0.27207325964
               0.274       0.27377659112
               0.276       0.27547182177
               0.278       0.27715901622
                0.28       0.27883824929
               0.282       0.28050960493
               0.284       0.28217317506
               0.286       0.28382905855
               0.288       0.28547736008
                0.29       0.28711818902
               0.292       0.28875165837
               0.294       0.29037788359
               0.296       0.29199698147
               0.298       0.29360906902
                 0.3       0.29521426225
               0.302       0.29681267509
               0.304       0.29840441813
               0.306       0.29998959777
               0.308       0.30156831868
                0.31       0.30314068605
               0.312       0.30470680544
               0.314       0.30626678696
               0.316       0.30782074738
               0.318       0.30936880903
                0.32       0.31091109869
               0.322       0.31244774639
               0.324       0.31397888431
               0.326       0.31550464554
               0.328       0.31702516297
                0.33       0.31854056808
               0.332       0.32005098974
               0.334       0.32155655306
               0.336       0.32305737813
               0.338       0.32455357909
                0.34       0.32604526732
               0.342       0.32753255668
               0.344       0.32901556367
               0.346       0.33049440679
               0.348       0.33196920586
                0.35       0.33344008134
               0.352       0.33490715369
               0.354       0.33637054267
               0.356       0.33783036666
               0.358       0.33928674195
                0.36       0.34073978208
               0.362       0.34218959707
               0.364       0.34363629277
               0.366       0.34507997007
               0.368       0.34652072418
                0.37       0.34795864389
               0.372       0.34939381077
               0.374       0.35082629875
               0.376       0.35225617623
               0.378       0.35368351169
                0.38       0.35510837576
               0.382       0.35653084102
               0.384       0.35795098176
               0.386       0.35936887377
               0.388       0.36078459572
                0.39       0.36219823628
               0.392       0.36360989702
               0.394       0.36501969153
               0.396       0.36642774457
               0.398        0.3678341911
                 0.4       0.36923917541
               0.402       0.37064285019
               0.404        0.3720453756
               0.406       0.37344691841
               0.408         0.374847651
                0.41       0.37624775054
               0.412       0.37764739798
               0.414       0.37904677718
               0.416       0.38044607395
               0.418       0.38184547513
                0.42       0.38324516763
               0.422       0.38464533746
               0.424       0.38604616883
               0.426       0.38744784309
               0.428       0.38885053781
                0.43       0.39025442577
               0.432       0.39165967393
               0.434       0.39306644244
               0.436       0.39447488359
               0.438       0.39588514074
                0.44       0.39729734731
               0.442       0.39871162562
               0.444       0.40012808586
               0.446       0.40154682493
               0.448        0.4029679253
                0.45       0.40439145388
               0.452        0.4058174608
               0.454       0.40724597825
               0.456       0.40867701923
               0.458       0.41011057628
                0.46       0.41154662026
               0.462       0.41298509901
               0.464       0.41442593672
               0.466       0.41586904082
               0.468       0.41731430956
                0.47       0.41876163235
               0.472       0.42021088925
               0.474       0.42166195047
               0.476       0.42311467586
               0.478       0.42456891434
                0.48       0.42602450343
               0.482       0.42748126859
               0.484       0.42893902275
               0.486       0.43039756565
               0.488       0.43185668325
                0.49       0.43331614714
               0.492        0.4347757157
               0.494       0.43623514074
               0.496       0.43769417049
               0.498       0.43915254956
                 0.5       0.44061001887
               0.502       0.44206631557
               0.504       0.44352117293
               0.506       0.44497432025
               0.508       0.44642548277
                0.51       0.44787438147
               0.512       0.44932073302
               0.514       0.45076424956
               0.516        0.4522046386
               0.518        0.4536416028
                0.52       0.45507483979
               0.522       0.45650404198
               0.524       0.45792889636
               0.526       0.45934908422
               0.528       0.46076428093
                0.53       0.46217415626
               0.532       0.46357837887
               0.534       0.46497662028
               0.536       0.46636855887
               0.538        0.4677538843
                0.54       0.46913230081
               0.542        0.4705035296
               0.544       0.47186730837
               0.546       0.47322339074
               0.548       0.47457154571
                0.55       0.47591155915
               0.552       0.47724323699
               0.554       0.47856640511
               0.556       0.47988090832
               0.558       0.48118660948
                0.56       0.48248338858
               0.562       0.48377114176
               0.564       0.48504978046
               0.566       0.48631923044
               0.568       0.48757943094
                0.57       0.48883033416
               0.572       0.49007190764
               0.574       0.49130413595
               0.576       0.49252702027
               0.578        0.4937405778
                0.58       0.49494484118
               0.582       0.49613985795
               0.584       0.49732568996
               0.586       0.49850241285
               0.588       0.49967011549
                0.59        0.5008288994
               0.592       0.50197887828
               0.594       0.50312017736
               0.596       0.50425293296
               0.598        0.5053772919
                 0.6       0.50649341096
               0.602       0.50760145789
               0.604       0.50870161459
               0.606       0.50979407736
               0.608        0.5108790561
                0.61       0.51195677334
               0.612       0.51302746347
               0.614       0.51409137183
               0.616       0.51514875387
               0.618       0.51619987426
                0.62       0.51724500605
               0.622       0.51828442979
               0.624       0.51931843268
               0.626        0.5203473077
               0.628       0.52137135273
                0.63       0.52239086966
               0.632       0.52340616354
               0.634       0.52441754168
               0.636       0.52542531274
               0.638       0.52642978585
                0.64       0.52743126969
               0.642       0.52843007161
               0.644       0.52942649662
               0.646       0.53042084655
               0.648       0.53141341903
                0.65       0.53240450658
               0.652       0.53339439562
               0.654       0.53438336547
               0.656       0.53537168738
               0.658        0.5363596235
                0.66       0.53734742589
               0.662       0.53833533541
               0.664       0.53932358071
               0.666       0.54031237728
               0.668       0.54130192872
                0.67       0.54229242965
               0.672       0.54328406606
               0.674       0.54427701773
               0.676       0.54527145957
               0.678       0.54626756114
                0.68       0.54726548612
               0.682       0.54826539178
               0.684        0.5492674284
               0.686       0.55027173873
               0.688       0.55127845742
                0.69       0.55228771038
               0.692       0.55329961425
               0.694       0.55431427571
               0.696       0.55533179093
               0.698       0.55635224486
                 0.7        0.5573757106
               0.702       0.55840224876
               0.704       0.55943190671
               0.706       0.56046471789
               0.708       0.56150070113
                0.71       0.56253985986
               0.712       0.56358218141
               0.714       0.56462763688
               0.716       0.56567618179
               0.718       0.56672775903
                0.72       0.56778229992
               0.722         0.568839723
               0.724       0.56989993283
               0.726       0.57096282243
               0.728        0.5720282838
                0.73       0.57309621126
               0.732       0.57416650116
               0.734       0.57523905152
               0.736       0.57631376166
               0.738       0.57739053188
                0.74       0.57846926312
               0.742       0.57954985667
               0.744       0.58063221608
               0.746       0.58171625115
               0.748       0.58280187811
                0.75       0.58388901889
               0.752       0.58497760044
               0.754         0.586067554
               0.756       0.58715881438
               0.758       0.58825131931
                0.76       0.58934500869
               0.762       0.59043982396
               0.764       0.59153570735
               0.766       0.59263260125
               0.768       0.59373044751
                0.77       0.59482918675
               0.772        0.5959287577
               0.774       0.59702909648
               0.776       0.59813013599
               0.778       0.59923180516
                0.78       0.60033402833
               0.782        0.6014367251
               0.784       0.60253981418
               0.786       0.60364321614
               0.788       0.60474685336
                0.79       0.60585064975
               0.792       0.60695453055
               0.794       0.60805842201
               0.796       0.60916225118
               0.798       0.61026594568
                 0.8       0.61136943342
               0.802       0.61247264237
               0.804       0.61357550034
               0.806       0.61467793472
               0.808       0.61577987222
                0.81       0.61688123868
               0.812       0.61798195878
               0.814       0.61908195582
               0.816       0.62018115146
               0.818       0.62127946546
                0.82       0.62237681548
               0.822       0.62347311674
               0.824       0.62456828183
               0.826        0.6256622204
               0.828        0.6267548389
                0.83       0.62784604098
               0.832       0.62893573056
               0.834       0.63002381321
               0.836       0.63111019561
               0.838       0.63219478495
                0.84       0.63327748833
               0.842       0.63435821216
               0.844       0.63543686156
               0.846       0.63651333972
               0.848       0.63758754729
                0.85       0.63865938178
               0.852       0.63972873691
               0.854       0.64079550197
               0.856       0.64185956121
               0.858       0.64292079315
                0.86       0.64397906996
               0.862       0.64503425679
               0.864       0.64608621372
               0.866       0.64713480324
               0.868       0.64817989293
                0.87       0.64922135539
               0.872       0.65025906831
               0.874       0.65129291442
               0.876       0.65232278147
               0.878       0.65334856229
                0.88       0.65437015471
               0.882       0.65538746159
               0.884       0.65640039081
               0.886       0.65740885529
               0.888       0.65841277294
                0.89       0.65941206669
               0.892       0.66040666444
               0.894        0.6613964991
               0.896       0.66238150855
               0.898       0.66336163562
                 0.9       0.66433682805
               0.902       0.66530703853
               0.904       0.66627222459
               0.906       0.66723234861
               0.908        0.6681873778
                0.91       0.66913728409
               0.912       0.67008204412
               0.914        0.6710216392
               0.916       0.67195605518
               0.918       0.67288528244
                0.92       0.67380931575
               0.922       0.67472815423
               0.924       0.67564180122
               0.926       0.67655026472
               0.928       0.67745356585
                0.93        0.6783517491
               0.932       0.67924488246
               0.934       0.68013305631
               0.936       0.68101638214
               0.938       0.68189499144
                0.94       0.68276903446
               0.942       0.68363867912
               0.944       0.68450410979
               0.946       0.68536552616
               0.948       0.68622314213
                0.95       0.68707718462
               0.952       0.68792789249
               0.954       0.68877551538
               0.956       0.68962031262
               0.958       0.69046255207
                0.96       0.69130250904
               0.962       0.69214046516
               0.964       0.69297670727
               0.966       0.69381152633
               0.968       0.69464521627
                0.97       0.69547807291
               0.972       0.69631039284
               0.974        0.6971424723
               0.976       0.69797460606
               0.978       0.69880708633
                0.98       0.69964020159
               0.982        0.7004742355
               0.984       0.70130946575
               0.986       0.70214616292
               0.988       0.70298458934
                0.99       0.70382499795
               0.992       0.70466763111
               0.994       0.70551271946
               0.996       0.70636048073
               0.998       0.70721111856
                   1       0.70806482128
               1.002       0.70892176075
               1.004       0.70978209109
               1.006       0.71064594746
               1.008       0.71151344486
                1.01       0.71238467731
               1.012       0.71325972113
               1.014        0.7141386382
               1.016       0.71502147905
               1.018       0.71590828481
                1.02       0.71679908724
               1.022       0.71769390843
               1.024       0.71859276044
               1.026       0.71949564754
               1.028       0.72040256957
                1.03       0.72131352218
               1.032       0.72222849664
               1.034       0.72314747966
               1.036       0.72407045322
               1.038       0.72499739479
                1.04       0.72592827758
               1.042       0.72686307043
               1.044       0.72780173754
               1.046       0.72874423831
               1.048        0.7296905271
                1.05         0.730640553
               1.052       0.73159425965
               1.054       0.73255158501
               1.056       0.73351246115
               1.058       0.73447681406
                1.06       0.73544456342
               1.062       0.73641562238
               1.064        0.7373898974
               1.066       0.73836728796
               1.068       0.73934768642
                1.07       0.74033097775
               1.072        0.7413170393
               1.074       0.74230574065
               1.076       0.74329694334
               1.078       0.74429050286
                1.08       0.74528627229
               1.082       0.74628410313
               1.084       0.74728384542
               1.086       0.74828534784
               1.088       0.74928845777
                1.09       0.75029302143
               1.092       0.75129888396
               1.094       0.75230588951
               1.096       0.75331388135
               1.098       0.75432270197
                 1.1       0.75533219314
               1.102       0.75634219605
               1.104       0.75735255183
               1.106       0.75836310322
               1.108       0.75937369738
                1.11       0.76038418894
               1.112       0.76139444004
               1.114       0.76240431999
               1.116       0.76341370493
               1.118       0.76442247746
                1.12       0.76543052635
               1.122       0.76643774613
               1.124       0.76744403681
               1.126       0.76844930351
               1.128       0.76945345614
                1.13       0.77045640904
               1.132       0.77145808073
               1.134       0.77245839354
               1.136       0.77345727334
               1.138       0.77445464919
                1.14       0.77545045295
               1.142       0.77644461897
               1.144       0.77743708371
               1.146       0.77842778539
               1.148       0.77941666364
                1.15       0.78040365909
               1.152       0.78138871306
               1.154       0.78237176712
               1.156       0.78335276273
               1.158       0.78433164087
                1.16       0.78530834161
               1.162        0.7862828037
               1.164       0.78725496417
               1.166       0.78822475793
               1.168       0.78919211726
                1.17       0.79015697147
               1.172       0.79111924636
               1.174       0.79207886378
               1.176       0.79303574121
               1.178       0.79398979118
                1.18       0.79494092084
               1.182       0.79588903142
               1.184       0.79683401826
               1.186       0.79777577311
               1.188       0.79871418516
                1.19       0.79964914117
               1.192       0.80058052639
               1.194       0.80150822824
               1.196       0.80243213747
               1.198       0.80335214785
                 1.2        0.8042681557
               1.202        0.8051800595
               1.204       0.80608775947
               1.206       0.80699115778
               1.208       0.80789016252
                1.21       0.80878469004
               1.212       0.80967466419
               1.214       0.81056001553
               1.216       0.81144068044
               1.218       0.81231660049
                1.22       0.81318772463
               1.222       0.81405401273
               1.224       0.81491543575
               1.226       0.81577197527
               1.228       0.81662362309
                1.23       0.81747038083
               1.232       0.81831225949
               1.234       0.81914927909
               1.236       0.81998146857
               1.238       0.82080886677
                1.24        0.8216315227
               1.242       0.82244949504
               1.244       0.82326285167
               1.246       0.82407166917
               1.248       0.82487603235
                1.25       0.82567603376
               1.252       0.82647177326
               1.254        0.8272633575
               1.256       0.82805089949
               1.258       0.82883451816
                1.26       0.82961433785
               1.262       0.83039048792
               1.264       0.83116310226
               1.266       0.83193231883
               1.268       0.83269827926
                1.27       0.83346112834
               1.272       0.83422101362
               1.274       0.83497808494
               1.276       0.83573249397
               1.278       0.83648439378
                1.28       0.83723393838
               1.282       0.83798128223
               1.284       0.83872657982
               1.286        0.8394699852
               1.288       0.84021165149
                1.29       0.84095173042
               1.292       0.84169037187
               1.294       0.84242772335
               1.296       0.84316392954
               1.298       0.84389913178
                 1.3       0.84463346756
               1.302       0.84536707005
               1.304       0.84610006752
               1.306       0.84683258404
               1.308       0.84756474377
                1.31       0.84829667289
               1.312       0.84902849941
               1.314       0.84976035282
               1.316       0.85049236374
               1.318       0.85122466357
                1.32       0.85195738416
               1.322       0.85269065748
               1.324       0.85342461523
               1.326       0.85415938848
               1.328       0.85489510735
                1.33       0.85563190061
               1.332       0.85636989533
               1.334       0.85710921646
               1.336        0.8578499865
               1.338       0.85859232507
                1.34       0.85933634851
               1.342        0.8600821695
               1.344        0.8608298966
               1.346       0.86157963389
               1.348       0.86233148046
                1.35       0.86308553001
               1.352        0.8638418704
               1.354       0.86460058316
               1.356       0.86536174304
               1.358       0.86612541748
                1.36       0.86689166617
               1.362       0.86766054048
               1.364       0.86843208299
               1.366       0.86920632689
               1.368       0.86998329547
                1.37       0.87076300156
               1.372        0.8715454469
               1.374       0.87233062159
               1.376       0.87311850346
               1.378       0.87390905744
                1.38       0.87470223492
               1.382       0.87549797308
               1.384       0.87629619422
               1.386       0.87709680504
               1.388       0.87789969597
                1.39       0.87870474038
               1.392       0.87951179385
               1.394       0.88032069343
               1.396       0.88113125677
               1.398       0.88194328138
                 1.4       0.88275654373
               1.402       0.88357079957
               1.404       0.88438579377
               1.406       0.88520126987
               1.408         0.886016971
                1.41       0.88683264011
               1.412       0.88764802017
               1.414       0.88846285441
               1.416       0.88927688651
               1.418       0.89008986082
                1.42       0.89090152257
               1.422       0.89171161808
               1.424       0.89251989499
               1.426       0.89332610241
               1.428       0.89412999119
                1.43       0.89493131409
               1.432       0.89572982596
               1.434       0.89652528399
               1.436       0.89731744784
               1.438       0.89810607988
                1.44       0.89889094536
               1.442       0.89967181258
               1.444       0.90044845308
               1.446       0.90122064182
               1.448       0.90198815731
                1.45       0.90275078184
               1.452       0.90350830159
               1.454       0.90426050677
               1.456       0.90500719183
               1.458       0.90574815553
                1.46       0.90648320113
               1.462       0.90721213648
               1.464       0.90793477418
               1.466       0.90865093164
               1.468       0.90936043128
                1.47       0.91006310185
               1.472       0.91075878109
               1.474       0.91144731624
               1.476       0.91212856415
               1.478       0.91280239184
                1.48       0.91346867648
               1.482       0.91412730515
               1.484       0.91477817462
               1.486       0.91542119117
               1.488       0.91605627135
                1.49       0.91668334368
               1.492       0.91730234862
               1.494       0.91791323833
               1.496       0.91851597681
               1.498       0.91911053973
                 1.5       0.91969691404
               1.502        0.9202750976
               1.504       0.92084509884
               1.506       0.92140693655
               1.508       0.92196063957
                1.51       0.92250624639
               1.512       0.92304380479
               1.514        0.9235733719
               1.516       0.92409501429
               1.518       0.92460880766
                1.52       0.92511483644
               1.522       0.92561319342
               1.524       0.92610397942
               1.526       0.92658730288
               1.528       0.92706327949
                1.53       0.92753203178
               1.532       0.92799368877
               1.534       0.92844838555
               1.536       0.92889626286
               1.538       0.92933746672
                1.54       0.92977214796
               1.542       0.93020046185
               1.544       0.93062256764
               1.546       0.93103862811
               1.548       0.93144880915
                1.55       0.93185327929
               1.552       0.93225220924
               1.554        0.9326457714
               1.556       0.93303413942
               1.558       0.93341748764
                1.56       0.93379599066
               1.562       0.93416982277
               1.564       0.93453915747
               1.566        0.9349041669
               1.568       0.93526502132
                1.57       0.93562188853
               1.572       0.93597493334
               1.574       0.93632431747
               1.576       0.93667019963
               1.578         0.937012735
                1.58       0.93735207521
               1.582       0.93768836945
               1.584       0.93802176725
               1.586       0.93835242092
               1.588       0.93868048556
                1.59       0.93900611869
               1.592       0.93932948005
               1.594       0.93965073154
               1.596       0.93997003894
               1.598       0.94028757279
                 1.6       0.94060350797
               1.602        0.9409180232
               1.604       0.94123130059
               1.606       0.94154352508
               1.608       0.94185488404
                1.61       0.94216556679
               1.612       0.94247576413
               1.614       0.94278566782
               1.616       0.94309547005
               1.618         0.943405363
                1.62       0.94371553826
               1.622       0.94402618632
               1.624       0.94433749608
               1.626       0.94464965427
               1.628       0.94496284498
                1.63       0.94527724903
               1.632       0.94559304352
               1.634        0.9459104012
               1.636       0.94622948995
               1.638        0.9465504722
                1.64       0.94687350434
               1.642       0.94719873617
               1.644        0.9475263103
               1.646       0.94785636153
               1.648       0.94818901626
                1.65       0.94852439187
               1.652        0.9488625961
               1.654       0.94920372643
               1.656        0.9495478694
               1.658       0.94989509997
                1.66       0.95024548175
               1.662       0.95059906953
               1.664       0.95095591015
               1.666       0.95131604213
               1.668        0.9516794952
                1.67       0.95204628989
               1.672       0.95241643713
               1.674       0.95278993774
               1.676       0.95316678202
               1.678        0.9535469493
                1.68       0.95393040746
               1.682       0.95431711357
               1.684       0.95470701852
               1.686       0.95510006925
               1.688       0.95549620881
                1.69       0.95589537627
               1.692       0.95629750668
               1.694       0.95670253103
               1.696        0.9571103762
               1.698       0.95752096488
                 1.7       0.95793421555
               1.702       0.95835004244
               1.704       0.95876835542
               1.706       0.95918906013
               1.708       0.95961205831
                1.71       0.96003724802
               1.712       0.96046452402
               1.714       0.96089377919
               1.716        0.9613249051
               1.718       0.96175779209
                1.72       0.96219232922
               1.722       0.96262840439
               1.724       0.96306590434
               1.726       0.96350471467
               1.728       0.96394471992
                1.73       0.96438580358
               1.732       0.96482784817
               1.734        0.9652707352
               1.736       0.96571434533
               1.738       0.96615855831
                1.74       0.96660325307
               1.742       0.96704830775
               1.744       0.96749359977
               1.746       0.96793900582
               1.748       0.96838440195
                1.75       0.96882966359
               1.752       0.96927466557
               1.754       0.96971928221
               1.756       0.97016338731
               1.758        0.9706068542
                1.76        0.9710495558
               1.762       0.97149136461
               1.764       0.97193215278
               1.766       0.97237179211
               1.768        0.9728101541
                1.77       0.97324710996
               1.772       0.97368253065
               1.774       0.97411628688
               1.776       0.97454824913
               1.778       0.97497828768
                1.78       0.97540627261
               1.782       0.97583207402
               1.784       0.97625556323
               1.786       0.97667661361
               1.788       0.97709510073
                1.79       0.97751090245
               1.792       0.97792389903
               1.794       0.97833397326
               1.796        0.9787410105
               1.798       0.97914489886
                 1.8       0.97954552923
               1.802       0.97994279541
               1.804       0.98033659419
               1.806       0.98072682546
               1.808       0.98111339226
                1.81       0.98149620091
               1.812       0.98187516105
               1.814       0.98225018574
               1.816       0.98262119154
               1.818       0.98298809857
                1.82       0.98335083057
               1.822       0.98370931499
               1.824       0.98406348319
               1.826       0.98441327104
               1.828       0.98475861903
                1.83       0.98509947229
               1.832       0.98543578061
               1.834       0.98576749844
               1.836       0.98609458486
               1.838       0.98641700359
                1.84       0.98673472297
               1.842       0.98704771597
               1.844       0.98735596012
               1.846       0.98765943751
               1.848       0.98795813477
                1.85       0.98825204302
               1.852       0.98854115783
               1.854       0.98882547917
               1.856       0.98910501137
               1.858       0.98937976306
                1.86        0.9896497471
               1.862       0.98991498051
               1.864       0.99017548441
               1.866       0.99043128394
               1.868       0.99068240814
                1.87       0.99092888991
               1.872       0.99117076587
               1.874       0.99140807626
               1.876       0.99164086485
               1.878       0.99186917878
                1.88       0.99209306849
               1.882       0.99231258753
               1.884       0.99252779243
               1.886        0.9927387426
               1.888        0.9929455001
                1.89       0.99314812953
               1.892       0.99334669783
               1.894       0.99354127412
               1.896       0.99373192947
               1.898       0.99391873675
                 1.9       0.99410177042
               1.902       0.99428110628
               1.904       0.99445682126
               1.906       0.99462899321
               1.908       0.99479770064
                1.91       0.99496302246
               1.912       0.99512503776
               1.914       0.99528382547
               1.916       0.99543946415
               1.918       0.99559203167
                1.92        0.9957416049
               1.922       0.99588825941
               1.924       0.99603206917
               1.926        0.9961731062
               1.928        0.9963114402
                1.93       0.99644713826
               1.932       0.99658026446
               1.934       0.99671087952
               1.936       0.99683904145
               1.938       0.99696480724
                1.94       0.99708823275
               1.942       0.99720937213
               1.944       0.99732827728
               1.946       0.99744499898
               1.948       0.99755958888
                1.95       0.99767209949
               1.952       0.99778258426
               1.954       0.99789109783
               1.956       0.99799769589
               1.958       0.99810243548
                1.96       0.99820537516
               1.962       0.99830657474
               1.964       0.99840609622
               1.966       0.99850400533
               1.968       0.99860037151
                1.97       0.99869526767
               1.972       0.99878876995
               1.974        0.9988809575
               1.976        0.9989719122
               1.978       0.99906171848
                1.98       0.99915046313
               1.982       0.99923823521
               1.984       0.99932512592
               1.986       0.99941122839
               1.988       0.99949663743
                1.99       0.99958144935
               1.992       0.99966576172
               1.994       0.99974967319
               1.996       0.99983328325
               1.998         0.999916692
                   2                   1
