                0.02      0.016275261822      0.025537031374
                0.04      0.032138897353      0.050510623322
                0.06      0.047750287723      0.074725576808
                0.08      0.062919262076      0.098430261258
                 0.1      0.077764527278       0.12167404166
                0.12      0.092491089125       0.14445301668
                0.14       0.10781306023       0.16658017896
                0.16       0.12249298978       0.18814697628
                0.18       0.13727328853       0.20901809944
                 0.2       0.15291862907       0.22910497483
                0.22       0.16896676328       0.24878812275
                0.24       0.18515927556       0.26802566404
                0.26       0.20137546354       0.28715168594
                0.28        0.2168789577       0.30599251669
                 0.3       0.23280170088       0.32423500973
                0.32       0.24836861207       0.34155882733
                0.34       0.26498885493       0.35897560114
                0.36       0.28076057442       0.37729431993
                0.38       0.29649958176       0.39443841288
                 0.4       0.31196332254       0.41142518215
                0.42       0.32739919574       0.42877391613
                0.44       0.34230597009       0.44555193337
                0.46       0.35697758427        0.4608561779
                0.48       0.36998932464       0.47703053489
                 0.5        0.3849228246       0.49305853117
                0.52        0.3998186438        0.5067733587
                0.54       0.41167360678        0.5200812193
                0.56       0.42343120764       0.53338207315
                0.58       0.43539669285       0.54549165754
                 0.6       0.44842257114       0.55673344444
                0.62       0.46000751394       0.56851107759
                0.64       0.47270142557       0.58088753203
                0.66       0.48657450875       0.59332010131
                0.68       0.49866236366       0.60620647992
                 0.7       0.50958359252       0.61815569819
                0.72       0.51982635343       0.62978577983
                0.74       0.53110258697       0.63892208135
                0.76       0.54218538301       0.65050641885
                0.78       0.55310908563       0.66054492441
                 0.8       0.56242184381       0.67076688562
                0.82       0.57479264124       0.68053104813
                0.84       0.58657970785       0.68832236265
                0.86       0.59570693523       0.69926308228
                0.88        0.6054508534        0.7086263715
                 0.9       0.61757919307       0.71884550073
                0.92       0.62892161687       0.72918313837
                0.94       0.63932828192       0.73844153452
                0.96       0.64949353615       0.74793376461
                0.98       0.66008568748       0.75891049523
                   1       0.67339516642       0.76954927063
                1.02       0.68536720217       0.78069468333
                1.04       0.69786509494       0.79181718036
                1.06       0.70994589793       0.80209319937
                1.08       0.72201616631       0.81255567125
                 1.1       0.73531802336       0.82175545362
                1.12       0.74696881965       0.83276381043
                1.14        0.7591930031        0.8436531393
                1.16       0.77213747374       0.85395957981
                1.18       0.78451914555       0.86431366656
                 1.2       0.79643025582        0.8746841895
                1.22       0.80890272135       0.88532743167
                1.24       0.81870714067       0.89483793393
                1.26       0.82849627428       0.90500282682
                1.28       0.83867610071        0.9133860097
                 1.3       0.84796987418       0.92138539839
                1.32       0.85730866563       0.93008222721
                1.34       0.86550357321       0.93819685955
                1.36       0.87414277301        0.9450874583
                1.38       0.88194030229       0.95120088229
                 1.4       0.88873574602       0.95640098688
                1.42       0.89548523393        0.9619636164
                1.44        0.9009230739       0.96695416324
                1.46       0.90696393447       0.97167010692
                1.48       0.91139815358       0.97552324402
                 1.5         0.915935248       0.97844390631
                1.52       0.92071813494       0.98076479922
                1.54       0.92419645997       0.98255888232
                1.56       0.92759537251        0.9844332437
                1.58       0.93025569213       0.98666287353
                 1.6       0.93306302592       0.98806002924
                1.62       0.93589718645        0.9891659289
                1.64       0.93892460728       0.99067472797
                1.66       0.94231691855       0.99224465788
                1.68       0.94545424211       0.99358669911
                 1.7       0.94885805228       0.99441468988
                1.72       0.95223399021       0.99529568252
                1.74       0.95543857939       0.99656980804
                1.76       0.95877807308       0.99729228437
                1.78       0.96228258388       0.99908404376
                 1.8       0.96576888959       0.99978460034
                1.82       0.96892243486        1.0012532808
                1.84       0.97259497722        1.0017859736
                1.86       0.97595686605        1.0020127774
                1.88        0.9794441636        1.0020603642
                 1.9       0.98285144664        1.0021657271
                1.92       0.98640334374        1.0020475281
                1.94       0.98983299058        1.0016619144
                1.96       0.99326823868        1.0012111922
                1.98       0.99664903278        1.0006458436
