                0.02    -0.0028943269914
                0.04    -0.0052681780475
                0.06    -0.0071865589097
                0.08    -0.0087097649465
                 0.1    -0.0098933059065
                0.12     -0.010787877217
                0.14     -0.011439378649
                0.16     -0.011888980205
                0.18     -0.012173234166
                 0.2     -0.012324231349
                0.22     -0.012369798794
                0.24     -0.012333735316
                0.26     -0.012236080668
                0.28     -0.012093413356
                 0.3     -0.011919171611
                0.32     -0.011723991459
                0.34     -0.011516055387
                0.36      -0.01130144472
                0.38     -0.011084488475
                 0.4      -0.01086810123
                0.42     -0.010654102318
                0.44     -0.010443508554
                0.46     -0.010236792615
                0.48     -0.010034099163
                 0.5    -0.0098354108818
                0.52    -0.0096406566978
                0.54     -0.009449758905
                0.56    -0.0092626411418
                0.58    -0.0090792285585
                 0.6    -0.0088994477877
                0.62    -0.0087232269146
                0.64    -0.0085504954487
                0.66    -0.0083811842949
                0.68    -0.0082152257266
                 0.7    -0.0080525533581
                0.72    -0.0078931021184
                0.74    -0.0077368082247
                0.76    -0.0075836091575
                0.78     -0.007433443635
                 0.8    -0.0072862515892
                0.82    -0.0071419741411
                0.84    -0.0070005535779
                0.86    -0.0068619333294
                0.88    -0.0067260579458
                 0.9    -0.0065928730751
                0.92    -0.0064623254415
                0.94    -0.0063343628242
                0.96    -0.0062089340365
                0.98    -0.0060859889053
                   1    -0.0059654782507
                1.02     -0.005847353867
                1.04    -0.0057315685028
                1.06    -0.0056180758424
                1.08    -0.0055068304872
                 1.1    -0.0053977879377
                1.12    -0.0052909045753
                1.14    -0.0051861376453
                1.16    -0.0050834452396
                1.18    -0.0049827862796
                 1.2    -0.0048841205007
                1.22     -0.004787408435
                1.24    -0.0046926113966
                1.26    -0.0045996914653
                1.28    -0.0045086114719
                 1.3    -0.0044193349832
                1.32    -0.0043318262874
                1.34    -0.0042460503799
                1.36    -0.0041619729492
                1.38    -0.0040795603632
                 1.4    -0.0039987796556
                1.42    -0.0039195985133
                1.44    -0.0038419852626
                1.46    -0.0037659088573
                1.48    -0.0036913388657
                 1.5    -0.0036182454589
                1.52    -0.0035465993285
                1.54    -0.0034763689691
                1.56    -0.0034075058263
                1.58    -0.0033399138463
                 1.6     -0.003273409185
                1.62    -0.0032076760287
                1.64    -0.0031422231811
                1.66    -0.0030763449332
                1.68    -0.0030090887567
                 1.7    -0.0029392315321
                1.72    -0.0028652653214
                1.74    -0.0027853931182
                1.76    -0.0026975345242
                1.78      -0.00259934092
                 1.8    -0.0024882193964
                1.82    -0.0023613644783
                1.84    -0.0022157965118
                1.86    -0.0020484054692
                1.88    -0.0018559988668
                 1.9    -0.0016353524672
                1.92    -0.0013832624508
                1.94    -0.0010965977841
                1.96   -0.00077235157951
                1.98   -0.00040769032963
