                0.02               0.065
                0.04               0.066
                0.06               0.065
                0.08               0.066
                 0.1               0.064
                0.12               0.067
                0.14               0.066
                0.16               0.065
                0.18                0.06
                 0.2               0.061
                0.22               0.056
                0.24               0.052
                0.26               0.051
                0.28               0.045
                 0.3               0.044
                0.32               0.042
                0.34               0.042
                0.36               0.043
                0.38               0.046
                 0.4               0.045
                0.42               0.049
                0.44               0.044
                0.46               0.044
                0.48               0.044
                 0.5               0.047
                0.52               0.052
                0.54               0.054
                0.56               0.054
                0.58               0.058
                 0.6               0.054
                0.62                0.06
                0.64               0.056
                0.66               0.059
                0.68               0.064
                 0.7               0.063
                0.72               0.061
                0.74               0.069
                0.76               0.065
                0.78               0.064
                 0.8                0.06
                0.82               0.057
                0.84               0.059
                0.86                0.06
                0.88               0.056
                 0.9               0.056
                0.92               0.053
                0.94               0.053
                0.96                0.05
                0.98               0.048
                   1                0.05
                1.02               0.054
                1.04               0.053
                1.06               0.049
                1.08               0.047
                 1.1               0.046
                1.12               0.049
                1.14               0.049
                1.16               0.049
                1.18                0.05
                 1.2                0.05
                1.22               0.051
                1.24               0.047
                1.26               0.046
                1.28               0.042
                 1.3               0.041
                1.32               0.042
                1.34               0.046
                1.36               0.048
                1.38               0.048
                 1.4               0.048
                1.42               0.051
                1.44               0.052
                1.46               0.054
                1.48               0.053
                 1.5               0.051
                1.52               0.054
                1.54               0.052
                1.56               0.053
                1.58               0.053
                 1.6               0.047
                1.62               0.048
                1.64               0.047
                1.66               0.044
                1.68               0.043
                 1.7               0.042
                1.72               0.039
                1.74               0.039
                1.76               0.038
                1.78                0.04
                 1.8               0.039
                1.82               0.043
                1.84               0.044
                1.86                0.04
                1.88               0.042
                 1.9               0.043
                1.92               0.044
                1.94               0.045
                1.96               0.044
                1.98               0.044
