               0.002     0.0017182216338
               0.004     0.0034364608992
               0.006     0.0051547353728
               0.008     0.0068730625264
                0.01     0.0085914597332
               0.012      0.010309944275
               0.014      0.012028533293
               0.016      0.013747243739
               0.018       0.01546609232
                0.02      0.017185095448
               0.022      0.018904269187
               0.024      0.020623629198
               0.026      0.022343190693
               0.028      0.024062968375
                0.03      0.025782976391
               0.032      0.027503228275
               0.034      0.029223736899
               0.036      0.030944514416
               0.038      0.032665572208
                0.04      0.034386920837
               0.042      0.036108569984
               0.044        0.0378305284
               0.046      0.039552803851
               0.048      0.041275403065
                0.05      0.042998331674
               0.052      0.044721594164
               0.054      0.046445193817
               0.056      0.048169132656
               0.058      0.049893411393
                0.06      0.051618029369
               0.062      0.053342984616
               0.064      0.055068274088
               0.066      0.056793893695
               0.068      0.058519838461
                0.07      0.060246103562
               0.072      0.061972684828
               0.074      0.063699578737
               0.076      0.065426782389
               0.078      0.067154293484
                0.08      0.068882110296
               0.082      0.070610231655
               0.084      0.072338656918
               0.086       0.07406738595
               0.088        0.0757964191
                0.09      0.077525757177
               0.092      0.079255401429
               0.094       0.08098535352
               0.096      0.082715615508
               0.098      0.084446189823
                 0.1      0.086177079243
               0.102      0.087908286873
               0.104      0.089639816123
               0.106      0.091371670687
               0.108       0.09310385452
                0.11      0.094836371812
               0.112      0.096569226976
               0.114      0.098302424614
               0.116       0.10003596951
               0.118       0.10176986658
                0.12       0.10350412089
               0.122       0.10523873761
               0.124       0.10697372198
               0.126       0.10870907931
               0.128       0.11044481496
                0.13        0.1121809343
               0.132        0.1139174427
               0.134       0.11565434549
               0.136       0.11739164796
               0.138       0.11912935534
                0.14       0.12086747275
               0.142       0.12260600519
               0.144       0.12434495754
               0.146       0.12608433448
               0.148       0.12782414055
                0.15       0.12956438013
               0.152       0.13130505798
               0.154       0.13304617932
               0.156       0.13478774988
               0.158       0.13652977579
                0.16       0.13827226358
               0.162       0.14001522014
               0.164       0.14175865263
               0.166       0.14350256848
               0.168       0.14524697534
                0.17       0.14699188102
               0.172       0.14873729346
               0.174       0.15048322068
               0.176       0.15222967076
               0.178       0.15397665175
                0.18       0.15572417166
               0.182       0.15747223842
               0.184        0.1592208598
               0.186       0.16097004341
               0.188       0.16271979663
                0.19       0.16447012656
               0.192       0.16622103999
               0.194       0.16797254335
               0.196       0.16972464266
               0.198        0.1714773435
                 0.2       0.17323065093
               0.202       0.17498456948
               0.204       0.17673910309
               0.206       0.17849425505
               0.208       0.18025002797
                0.21       0.18200642374
               0.212       0.18376344345
               0.214       0.18552108738
               0.216        0.1872793549
               0.218       0.18903824449
                0.22       0.19079775363
               0.222       0.19255787879
               0.224       0.19431861536
               0.226       0.19607995761
               0.228       0.19784189861
                0.23       0.19960443023
               0.232       0.20136754305
               0.234       0.20313122632
               0.236        0.2048954679
               0.238       0.20666025422
                0.24       0.20842557023
               0.242       0.21019139931
               0.244       0.21195772325
               0.246       0.21372452221
               0.248       0.21549177461
                0.25       0.21725945713
               0.252        0.2190275446
               0.254       0.22079600999
               0.256       0.22256482434
               0.258       0.22433395668
                0.26       0.22610337399
               0.262       0.22787304114
               0.264       0.22964292083
               0.266       0.23141297353
               0.268       0.23318315739
                0.27       0.23495342824
               0.272       0.23672373946
               0.274       0.23849404197
               0.276       0.24026428436
               0.278       0.24203441306
                0.28       0.24380437234
               0.282       0.24557410424
               0.284       0.24734354872
               0.286       0.24911264422
               0.288       0.25088132807
                0.29       0.25264953631
               0.292       0.25441720366
               0.294       0.25618426343
               0.296       0.25795064754
               0.298       0.25971628767
                 0.3       0.26148111638
               0.302       0.26324506716
               0.304       0.26500807441
               0.306       0.26677007344
               0.308        0.2685310004
                0.31        0.2702907923
               0.312       0.27204938697
               0.314       0.27380672299
               0.316       0.27556273976
               0.318       0.27731737739
                0.32       0.27907057671
               0.322       0.28082227926
               0.324       0.28257242723
               0.326       0.28432096349
               0.328       0.28606783149
                0.33       0.28781297532
               0.332       0.28955633963
               0.334       0.29129786962
               0.336       0.29303751102
               0.338       0.29477521013
                0.34       0.29651091401
               0.342        0.2982445705
               0.344       0.29997612825
               0.346       0.30170553669
               0.348       0.30343274603
                0.35        0.3051577072
               0.352       0.30688037191
               0.354       0.30860069256
               0.356       0.31031862227
               0.358       0.31203411486
                0.36       0.31374712482
               0.362       0.31545760731
               0.364       0.31716551815
               0.366       0.31887081379
               0.368        0.3205734513
                0.37       0.32227338837
               0.372       0.32397058327
               0.374       0.32566499487
               0.376       0.32735658259
               0.378       0.32904530641
                0.38       0.33073112685
               0.382       0.33241400494
               0.384       0.33409390224
               0.386       0.33577078079
               0.388        0.3374446031
                0.39       0.33911533217
               0.392       0.34078293143
               0.394       0.34244736475
               0.396       0.34410859643
               0.398       0.34576659116
                 0.4       0.34742131402
               0.402       0.34907273048
               0.404       0.35072080635
               0.406       0.35236550779
               0.408       0.35400680128
                0.41       0.35564465362
               0.412       0.35727903189
               0.414       0.35890990347
               0.416       0.36053723597
               0.418       0.36216099726
                0.42       0.36378115547
               0.422       0.36539767906
               0.424        0.3670105368
               0.426       0.36861969793
               0.428        0.3702251324
                0.43       0.37182681129
               0.432       0.37342470697
               0.434       0.37501879311
               0.436       0.37660904463
               0.438       0.37819543773
                0.44       0.37977794982
               0.442       0.38135655957
               0.444       0.38293124684
               0.446        0.3845019927
               0.448       0.38606877939
                0.45       0.38763159032
               0.452       0.38919041005
               0.454       0.39074522428
               0.456       0.39229601983
               0.458       0.39384278462
                0.46       0.39538550767
               0.462       0.39692417905
               0.464       0.39845878992
               0.466       0.39998933245
               0.468       0.40151579985
                0.47       0.40303818635
               0.472       0.40455648715
               0.474       0.40607069844
               0.476       0.40758081737
               0.478       0.40908684201
                0.48       0.41058877139
               0.482       0.41208660541
               0.484       0.41358034489
               0.486        0.4150699915
               0.488       0.41655554778
                0.49       0.41803701708
               0.492       0.41951440359
               0.494       0.42098771229
               0.496       0.42245694893
               0.498       0.42392212003
                 0.5       0.42538323284
               0.502       0.42684029532
               0.504       0.42829331614
               0.506       0.42974230466
               0.508       0.43118727086
                0.51        0.4326282254
               0.512        0.4340651795
               0.514       0.43549814501
               0.516       0.43692713434
               0.518       0.43835216045
                0.52        0.4397732368
               0.522       0.44119037736
               0.524       0.44260359659
               0.526       0.44401290939
               0.528       0.44541833108
                0.53       0.44681987738
               0.532       0.44821756439
               0.534       0.44961140857
               0.536       0.45100142667
               0.538       0.45238763577
                0.54       0.45377005319
               0.542       0.45514869661
               0.544       0.45652358411
               0.546       0.45789473418
               0.548       0.45926216568
                0.55       0.46062589782
               0.552       0.46198595009
               0.554       0.46334234228
               0.556       0.46469509438
               0.558       0.46604422657
                0.56       0.46738975921
               0.562       0.46873171276
               0.564       0.47007010774
               0.566       0.47140496474
               0.568       0.47273630433
                0.57       0.47406414704
               0.572       0.47538851331
               0.574       0.47670942347
               0.576       0.47802689767
               0.578       0.47934095586
                0.58       0.48065161772
               0.582       0.48195890273
               0.584        0.4832628305
               0.586       0.48456342091
               0.588       0.48586069417
                0.59        0.4871546707
               0.592       0.48844537117
               0.594       0.48973281643
               0.596       0.49101702749
               0.598       0.49229802549
                 0.6       0.49357583167
               0.602       0.49485046733
               0.604       0.49612195381
               0.606       0.49739031243
               0.608       0.49865556448
                0.61        0.4999177312
               0.612       0.50117683369
               0.614       0.50243289292
               0.616       0.50368592969
               0.618       0.50493596457
                0.62       0.50618301787
               0.622       0.50742710963
               0.624       0.50866825955
               0.626       0.50990648694
               0.628       0.51114181072
                0.63       0.51237424935
               0.632        0.5136038208
               0.634       0.51483054251
               0.636       0.51605443132
               0.638       0.51727550348
                0.64       0.51849377454
               0.642       0.51970925936
               0.644       0.52092197205
               0.646       0.52213192591
               0.648       0.52333913337
                0.65       0.52454360601
               0.652       0.52574535442
               0.654       0.52694438823
               0.656         0.528140716
               0.658       0.52933434521
                0.66       0.53052528219
               0.662       0.53171353211
               0.664       0.53289909908
               0.666       0.53408198638
               0.668       0.53526219637
                0.67       0.53643973098
               0.672        0.5376145928
               0.674       0.53878678543
               0.676       0.53995631347
               0.678       0.54112318246
                0.68       0.54228739874
               0.682       0.54344896935
               0.684       0.54460790195
               0.686       0.54576420466
               0.688         0.546917886
                0.69       0.54806895477
               0.692       0.54921741992
               0.694       0.55036329047
               0.696       0.55150657542
               0.698       0.55264728381
                 0.7       0.55378542471
               0.702        0.5549210071
               0.704       0.55605403974
               0.706       0.55718453108
               0.708       0.55831248912
                0.71       0.55943792131
               0.712       0.56056083442
               0.714        0.5616812351
               0.716       0.56279913126
               0.718        0.5639145325
                0.72       0.56502744997
               0.722       0.56613789638
               0.724       0.56724588592
               0.726       0.56835143421
               0.728       0.56945455821
                0.73       0.57055527624
               0.732       0.57165360785
               0.734        0.5727495738
               0.736       0.57384319621
               0.738       0.57493449871
                0.74       0.57602350652
               0.742       0.57711024634
               0.744       0.57819474639
               0.746       0.57927703628
               0.748       0.58035714705
                0.75       0.58143511106
               0.752       0.58251096201
               0.754       0.58358473485
               0.756       0.58465646577
               0.758       0.58572619218
                0.76        0.5867939526
               0.762       0.58785978671
               0.764       0.58892373523
               0.766       0.58998583996
               0.768       0.59104614366
                0.77       0.59210469009
               0.772       0.59316152391
               0.774        0.5942166907
               0.776       0.59527023685
               0.778        0.5963222096
                0.78       0.59737265696
               0.782       0.59842162766
               0.784       0.59946917117
               0.786       0.60051533761
               0.788       0.60156017773
                0.79       0.60260374288
               0.792       0.60364608497
               0.794       0.60468725643
               0.796        0.6057273102
               0.798       0.60676629965
                 0.8       0.60780427857
               0.802       0.60884130115
               0.804       0.60987742191
               0.806       0.61091269568
               0.808       0.61194717759
                0.81       0.61298092299
               0.812       0.61401398745
               0.814       0.61504642669
               0.816        0.6160782966
               0.818       0.61710965314
                0.82       0.61814055235
               0.822       0.61917105032
               0.824       0.62020120311
               0.826       0.62123106675
               0.828       0.62226069721
                0.83       0.62329015053
               0.832       0.62431948288
               0.834       0.62534875056
               0.836       0.62637800996
               0.838       0.62740731754
                0.84       0.62843672971
               0.842       0.62946630288
               0.844       0.63049609335
               0.846       0.63152615732
               0.848        0.6325565508
                0.85       0.63358732959
               0.852       0.63461854925
               0.854       0.63565026503
               0.856       0.63668253186
               0.858       0.63771540425
                0.86       0.63874893634
               0.862       0.63978318177
               0.864       0.64081819367
               0.866       0.64185402463
               0.868       0.64289072665
                0.87       0.64392835108
               0.872       0.64496694858
               0.874       0.64600656911
               0.876       0.64704726186
               0.878        0.6480890752
                0.88       0.64913205667
               0.882       0.65017625293
               0.884       0.65122170972
               0.886       0.65226847181
               0.888       0.65331658294
                0.89       0.65436608581
               0.892         0.655417022
               0.894       0.65646943194
               0.896       0.65752335489
               0.898       0.65857882884
                 0.9        0.6596358905
               0.902       0.66069457527
               0.904       0.66175491713
               0.906       0.66281694868
               0.908       0.66388070102
                0.91       0.66494620373
               0.912       0.66601348484
               0.914       0.66708257076
               0.916       0.66815348624
               0.918        0.6692262543
                0.92       0.67030089624
               0.922       0.67137743152
               0.924       0.67245587777
               0.926        0.6735362507
               0.928       0.67461856407
                0.93       0.67570282962
               0.932       0.67678905708
               0.934       0.67787725402
               0.936       0.67896742589
               0.938       0.68005957592
                0.94        0.6811537051
               0.942       0.68224981229
               0.944       0.68334789533
               0.946       0.68444795155
               0.948       0.68554997776
                0.95       0.68665397028
               0.952       0.68775992492
               0.954       0.68886783695
               0.956       0.68997770113
               0.958       0.69108951168
                0.96       0.69220326225
               0.962       0.69331894596
               0.964       0.69443655538
               0.966       0.69555608249
               0.968        0.6966775187
                0.97       0.69780085483
               0.972       0.69892608112
               0.974       0.70005318722
               0.976       0.70118216214
               0.978       0.70231299429
                0.98       0.70344567148
               0.982       0.70458018085
               0.984       0.70571650892
               0.986       0.70685464157
               0.988         0.707994564
                0.99       0.70913626077
               0.992       0.71027971576
               0.994       0.71142491214
               0.996       0.71257183244
               0.998       0.71372045845
                   1       0.71487077127
               1.002       0.71602275131
               1.004       0.71717637837
               1.006       0.71833163166
               1.008       0.71948848977
                1.01       0.72064693067
               1.012       0.72180693173
               1.014       0.72296846969
               1.016       0.72413152066
               1.018       0.72529606009
                1.02        0.7264620628
               1.022       0.72762950297
               1.024       0.72879835409
               1.026         0.729968589
               1.028       0.73114017986
                1.03       0.73231309814
               1.032       0.73348731463
               1.034        0.7346627994
               1.036       0.73583952184
               1.038        0.7370174506
                1.04        0.7381965536
               1.042       0.73937679804
               1.044       0.74055815036
               1.046       0.74174057626
               1.048       0.74292404067
                1.05       0.74410850774
               1.052       0.74529394084
               1.054       0.74648030255
               1.056       0.74766755463
               1.058       0.74885565804
                1.06       0.75004457289
               1.062       0.75123425847
               1.064       0.75242467322
               1.066       0.75361577473
               1.068       0.75480752005
                1.07       0.75599986585
               1.072       0.75719276842
               1.074       0.75838618368
               1.076        0.7595800672
               1.078       0.76077437416
                1.08       0.76196905936
               1.082       0.76316407724
               1.084       0.76435938186
               1.086        0.7655549269
               1.088       0.76675066566
                1.09       0.76794655104
               1.092       0.76914253557
               1.094       0.77033857139
               1.096       0.77153461023
               1.098       0.77273060343
                 1.1       0.77392650194
               1.102       0.77512225629
               1.104       0.77631781661
               1.106        0.7775131326
               1.108       0.77870815355
                1.11       0.77990282833
               1.112       0.78109710536
               1.114       0.78229093265
               1.116       0.78348425774
               1.118       0.78467702774
                1.12       0.78586918929
               1.122       0.78706068858
               1.124       0.78825147131
               1.126       0.78944148271
               1.128       0.79063066753
                1.13       0.79181897001
               1.132        0.7930063339
               1.134       0.79419270242
               1.136       0.79537801828
               1.138       0.79656222364
                1.14       0.79774526014
               1.142       0.79892706884
               1.144       0.80010759024
               1.146       0.80128676428
               1.148       0.80246453028
                1.15       0.80364082699
               1.152       0.80481559252
               1.154       0.80598876439
               1.156       0.80716027986
               1.158       0.80833007631
                1.16       0.80949809129
               1.162       0.81066426252
               1.164        0.8118285279
               1.166        0.8129908255
               1.168       0.81415109358
                1.17       0.81530927059
               1.172       0.81646529517
               1.174       0.81761910616
               1.176       0.81877064257
               1.178       0.81991984365
                1.18       0.82106664882
               1.182       0.82221099773
               1.184        0.8233528302
               1.186       0.82449208628
               1.188       0.82562870624
                1.19       0.82676263053
               1.192       0.82789379983
               1.194        0.8290221552
               1.196       0.83014763829
               1.198       0.83127019142
                 1.2       0.83238975755
               1.202       0.83350628024
               1.204        0.8346197037
               1.206        0.8357299727
               1.208       0.83683703264
                1.21       0.83794082945
               1.212       0.83904130967
               1.214       0.84013842035
               1.216       0.84123210909
               1.218       0.84232232402
                1.22       0.84340901376
               1.222       0.84449212744
               1.224       0.84557161464
               1.226       0.84664742543
               1.228       0.84771951032
                1.23       0.84878782024
               1.232       0.84985230655
               1.234       0.85091292099
               1.236        0.8519696157
               1.238       0.85302234318
                1.24       0.85407105627
               1.242       0.85511570816
               1.244       0.85615625231
               1.246       0.85719264253
               1.248       0.85822483286
                1.25       0.85925277761
               1.252       0.86027643134
               1.254       0.86129574879
               1.256       0.86231068495
               1.258       0.86332119493
                1.26       0.86432723403
               1.262       0.86532875768
               1.264       0.86632572139
               1.266       0.86731808081
               1.268       0.86830579161
                1.27       0.86928880953
               1.272       0.87026709032
               1.274       0.87124058973
               1.276       0.87220926348
               1.278       0.87317306724
                1.28        0.8741319566
               1.282       0.87508588703
               1.284       0.87603481391
               1.286       0.87697869242
               1.288       0.87791747763
                1.29       0.87885112494
               1.292       0.87977959078
               1.294       0.88070283258
               1.296       0.88162080886
               1.298       0.88253347919
                 1.3       0.88344080419
               1.302       0.88434274554
               1.304       0.88523926599
               1.306       0.88613032936
               1.308       0.88701590051
                1.31       0.88789594551
               1.312       0.88877043171
               1.314       0.88963932768
               1.316       0.89050260332
               1.318       0.89136022972
                1.32       0.89221217928
               1.322       0.89305842563
               1.324       0.89389894362
               1.326       0.89473370937
               1.328        0.8955627002
                1.33       0.89638589469
               1.332       0.89720327259
               1.334       0.89801481491
               1.336       0.89882050382
               1.338       0.89962032271
                1.34       0.90041425616
               1.342       0.90120228991
               1.344        0.9019844109
               1.346       0.90276060721
               1.348        0.9035308681
                1.35       0.90429518396
               1.352       0.90505354632
               1.354       0.90580594785
               1.356       0.90655238232
               1.358       0.90729284464
                1.36        0.9080273308
               1.362       0.90875583788
               1.364       0.90947836406
               1.366       0.91019490855
               1.368       0.91090547166
                1.37       0.91161005473
               1.372       0.91230866013
               1.374       0.91300129126
               1.376       0.91368795253
               1.378       0.91436864934
                1.38       0.91504338809
               1.382       0.91571217616
               1.384       0.91637502185
               1.386       0.91703193444
               1.388       0.91768292415
                1.39       0.91832800208
               1.392       0.91896718026
               1.394        0.9196004716
               1.396       0.92022788988
               1.398       0.92084944973
                 1.4       0.92146516664
               1.402       0.92207505691
               1.404       0.92267913763
               1.406       0.92327742672
               1.408       0.92386994283
                1.41        0.9244567054
               1.412       0.92503773457
               1.414       0.92561305122
               1.416       0.92618267692
               1.418       0.92674663393
                1.42       0.92730494516
               1.422       0.92785763414
               1.424       0.92840472507
               1.426        0.9289462428
               1.428       0.92948221292
                1.43       0.93001266177
               1.432       0.93053761668
               1.434       0.93105710606
               1.436       0.93157115937
               1.438       0.93207980709
                1.44       0.93258308076
               1.442       0.93308101294
               1.444        0.9335736372
               1.446        0.9340609881
               1.448        0.9345431012
                1.45       0.93502001304
               1.452        0.9354917611
               1.454       0.93595838383
               1.456       0.93641992062
               1.458       0.93687641176
                1.46       0.93732789847
               1.462       0.93777442284
               1.464       0.93821602788
               1.466       0.93865275743
               1.468       0.93908465618
                1.47       0.93951176967
               1.472       0.93993414424
               1.474       0.94035182705
               1.476       0.94076486601
               1.478       0.94117330984
                1.48       0.94157720797
               1.482       0.94197661057
               1.484       0.94237156854
               1.486       0.94276213345
               1.488       0.94314835754
                1.49       0.94353029373
               1.492       0.94390799555
               1.494       0.94428151714
               1.496       0.94465091325
               1.498        0.9450162392
                 1.5       0.94537755083
               1.502       0.94573490453
               1.504       0.94608835719
               1.506       0.94643796619
               1.508       0.94678378934
                1.51       0.94712588491
               1.512       0.94746431156
               1.514       0.94779912834
               1.516       0.94813039467
               1.518       0.94845817028
                1.52       0.94878251522
               1.522       0.94910348982
               1.524       0.94942115467
               1.526       0.94973557055
               1.528       0.95004679848
                1.53       0.95035489962
               1.532       0.95065993529
               1.534        0.9509619669
               1.536       0.95126105594
               1.538       0.95155726397
                1.54       0.95185065255
               1.542       0.95214128322
               1.544       0.95242921749
               1.546       0.95271451683
               1.548       0.95299724277
                1.55       0.95327745695
               1.552       0.95355522107
               1.554       0.95383059686
               1.556        0.9541036461
               1.558       0.95437443051
                1.56       0.95464301178
               1.562       0.95490945154
               1.564       0.95517381127
               1.566       0.95543615234
               1.568       0.95569653593
                1.57       0.95595502303
               1.572       0.95621167437
               1.574       0.95646655042
               1.576       0.95671971133
               1.578       0.95697121691
                1.58       0.95722112662
               1.582       0.95746949946
               1.584       0.95771639401
               1.586       0.95796186836
               1.588       0.95820598007
                1.59       0.95844878615
               1.592       0.95869034298
               1.594       0.95893070633
               1.596       0.95916993128
               1.598        0.9594080722
                 1.6       0.95964518269
               1.602       0.95988131555
               1.604       0.96011652274
               1.606       0.96035085533
               1.608       0.96058436349
                1.61       0.96081709637
               1.612       0.96104910215
               1.614       0.96128042793
               1.616       0.96151111971
               1.618       0.96174122233
                1.62       0.96197077945
               1.622       0.96219983349
               1.624       0.96242842554
               1.626       0.96265659541
               1.628       0.96288438147
                1.63       0.96311182069
               1.632       0.96333894852
               1.634       0.96356579892
               1.636       0.96379240421
               1.638       0.96401879509
                1.64       0.96424500059
               1.642       0.96447104797
               1.644       0.96469696269
               1.646       0.96492276837
               1.648       0.96514848672
                1.65       0.96537413747
               1.652       0.96559973835
               1.654         0.965825305
               1.656       0.96605085095
               1.658        0.9662763875
                1.66       0.96650192373
               1.662       0.96672746641
               1.664       0.96695301992
               1.666       0.96717858622
               1.668        0.9674041649
                1.67       0.96762975341
               1.672       0.96785534705
               1.674       0.96808093918
               1.676       0.96830652224
               1.678       0.96853208841
                1.68       0.96875762962
               1.682       0.96898313754
               1.684       0.96920860357
               1.686       0.96943401885
               1.688       0.96965937423
                1.69        0.9698846603
               1.692       0.97010986735
               1.694       0.97033498556
               1.696       0.97056000499
               1.698        0.9707849156
                 1.7       0.97100970726
               1.702       0.97123436983
               1.704       0.97145889332
               1.706       0.97168326792
               1.708       0.97190748396
                1.71       0.97213153197
               1.712       0.97235540258
               1.714       0.97257908661
               1.716         0.972802575
               1.718       0.97302585885
                1.72       0.97324892938
               1.722       0.97347177793
               1.724       0.97369439599
               1.726       0.97391677516
               1.728       0.97413890715
                1.73        0.9743607838
               1.732       0.97458239702
               1.734       0.97480373887
               1.736       0.97502480147
               1.738       0.97524557705
                1.74       0.97546605793
               1.742       0.97568623649
               1.744       0.97590610522
               1.746       0.97612565667
               1.748       0.97634488345
                1.75       0.97656377824
               1.752       0.97678233379
               1.754       0.97700054288
               1.756       0.97721839837
               1.758       0.97743589314
                1.76       0.97765302011
               1.762       0.97786977224
               1.764       0.97808614253
               1.766       0.97830212398
               1.768       0.97851770963
                1.77       0.97873289253
               1.772       0.97894766572
               1.774       0.97916202226
               1.776        0.9793759552
               1.778        0.9795894576
                1.78       0.97980252248
               1.782       0.98001514286
               1.784       0.98022731172
               1.786       0.98043902204
               1.788       0.98065026673
                1.79       0.98086103869
               1.792       0.98107133074
               1.794       0.98128113568
               1.796       0.98149044623
               1.798       0.98169925507
                 1.8       0.98190755478
               1.802       0.98211533789
               1.804       0.98232259684
               1.806       0.98252932398
               1.808       0.98273551168
                1.81       0.98294115262
               1.812       0.98314623977
               1.814       0.98335076646
               1.816        0.9835547263
               1.818        0.9837581132
                1.82       0.98396092132
               1.822        0.9841631451
               1.824       0.98436477919
               1.826       0.98456581846
               1.828         0.984766258
                1.83       0.98496609307
               1.832       0.98516531911
               1.834       0.98536393177
               1.836       0.98556192715
               1.838       0.98575930177
                1.84       0.98595605261
               1.842       0.98615217707
               1.844       0.98634767299
               1.846       0.98654253862
               1.848       0.98673677261
                1.85       0.98693037402
               1.852       0.98712334229
               1.854       0.98731567726
               1.856       0.98750737915
               1.858       0.98769844851
                1.86        0.9878888863
               1.862       0.98807869379
               1.864       0.98826787261
               1.866       0.98845642475
               1.868       0.98864435249
                1.87       0.98883165846
               1.872       0.98901834559
               1.874       0.98920441713
               1.876       0.98938987661
               1.878       0.98957472789
                1.88       0.98975897507
               1.882       0.98994262256
               1.884       0.99012567507
               1.886       0.99030813757
               1.888       0.99049001532
                1.89       0.99067131385
               1.892       0.99085203894
               1.894       0.99103219666
               1.896       0.99121179331
               1.898       0.99139083546
                 1.9       0.99156932989
               1.902       0.99174728364
               1.904       0.99192470397
               1.906       0.99210159838
               1.908       0.99227797457
                1.91       0.99245384047
               1.912       0.99262920421
               1.914       0.99280407411
               1.916       0.99297845872
               1.918       0.99315236674
                1.92       0.99332580711
               1.922       0.99349878889
               1.924       0.99367132137
               1.926       0.99384341399
               1.928       0.99401507635
                1.93       0.99418631822
               1.932       0.99435714952
               1.934       0.99452758033
               1.936       0.99469762089
               1.938       0.99486728154
                1.94        0.9950365728
               1.942       0.99520550531
               1.944       0.99537408982
               1.946       0.99554233723
               1.948       0.99571025854
                1.95       0.99587786487
               1.952       0.99604516745
               1.954       0.99621217763
               1.956       0.99637890683
               1.958       0.99654536659
                1.96       0.99671156853
               1.962       0.99687752437
               1.964        0.9970432459
               1.966         0.997208745
               1.968       0.99737403362
                1.97       0.99753912377
               1.972       0.99770402754
               1.974       0.99786875708
               1.976        0.9980333246
               1.978       0.99819774235
                1.98       0.99836202264
               1.982       0.99852617782
               1.984        0.9986902203
               1.986       0.99885416249
               1.988       0.99901801686
                1.99       0.99918179591
               1.992       0.99934551215
               1.994       0.99950917812
               1.996       0.99967280638
               1.998       0.99983640948
                   2                   1
