            0.801178      0.085639874728       0.15761945526
            1.602356       0.16119691337       0.29513336273
            2.403534        0.2217754755       0.40412596661
            3.204712       0.27087844481       0.48926494571
             4.00589        0.3092872103       0.55114849299
            4.807068       0.33152260644       0.58484088955
            5.608246       0.35240019002       0.61131514857
            6.409424       0.35698914962        0.6296017029
            7.210602         0.366762019       0.64866166131
             8.01178       0.37816678934       0.67064884002
            8.812958       0.39884010852       0.69564810904
            9.614136       0.42186429386       0.72202211558
           10.415314       0.44351863899       0.75430783861
           11.216492       0.47276956515        0.7846253643
            12.01767       0.50809614323       0.81453073345
           12.818848       0.54582548499       0.83330466552
           13.620026       0.57973170849       0.85716136877
           14.421204       0.60559602791       0.88061481353
           15.222382       0.63007465877        0.8934023962
            16.02356        0.6495705169       0.90900205001
           16.824738        0.6688289503       0.91968436216
           17.625916       0.67882075276       0.93040314937
           18.427094       0.70567539888       0.94075845107
           19.228272       0.72765336611       0.94885177536
            20.02945       0.73917708534       0.95261474647
           20.830628       0.75276318872       0.95551795846
           21.631806       0.76126059557       0.95591705807
           22.432984       0.77449765598       0.95591020598
           23.234162       0.78314028505       0.95451699678
            24.03534       0.79120460069       0.95584667779
           24.836518       0.79811155061       0.95684498931
           25.637696       0.80438854979       0.95564680374
           26.438874        0.8117168138       0.95736128467
           27.240052       0.81823359009       0.95885787687
            28.04123       0.82621243368       0.95939565109
           28.842408        0.8344089324       0.96137802858
           29.643586       0.84332920002       0.96215114869
           30.444764       0.84547816705       0.96281100692
           31.245942       0.84773526941       0.96270501428
            32.04712        0.8499879738       0.96319195642
           32.848298       0.85549535522       0.96466074633
           33.649476       0.85124903035       0.96537709326
           34.450654       0.84652511692       0.96694287945
           35.251832       0.84402670111       0.96856074738
            36.05301       0.84279546803        0.9694791714
           36.854188       0.84101577709       0.96978026293
           37.655366       0.84095348377       0.97041207998
           38.456544       0.83868808718       0.97135817808
           39.257722       0.84050657263       0.97209090961
             40.0589       0.84189480642       0.97184628466
           40.860078       0.84281351183        0.9715736652
           41.661256       0.84351715496       0.97222506207
           42.462434       0.84146761518       0.97274831756
           43.263612        0.8455653559       0.97251264413
            44.06479       0.84624334307       0.97249452821
           44.865968       0.85291557249        0.9723532735
           45.667146       0.85745601873       0.97173546153
           46.468324       0.85939628851        0.9713990377
           47.269502       0.85923782121       0.97096648016
            48.07068       0.86116804591       0.97058947152
           48.871858       0.86559195275       0.97022669615
           49.673036       0.86399754386       0.96988451475
           50.474214       0.86417139925       0.96952606236
           51.275392       0.86705470475       0.96925349614
            52.07657       0.86821986614       0.96908661821
           52.877748       0.87043868734       0.96925365773
           53.678926       0.87285551849       0.96960283924
           54.480104        0.8722438002       0.97030199801
           55.281282       0.87348106432       0.97131735119
            56.08246       0.87719754283       0.97176984211
           56.883638       0.88091851949       0.97273602819
           57.684816       0.88394199016       0.97429296059
           58.485994       0.88691902009       0.97546840433
           59.287172       0.89037482002       0.97735625934
            60.08835       0.89425385584       0.97845530064
           60.889528       0.89820279347       0.98153390123
           61.690706       0.90218524626       0.98256513097
           62.491884       0.90622183274       0.98424857618
           63.293062       0.91043645007       0.98581144129
            64.09424       0.91456060417       0.98886042311
           64.895418       0.91872810323       0.99237135834
           65.696596       0.92293607112       0.99566551438
           66.497774       0.92777913814       0.99940402705
           67.298952       0.93264283325         1.003245156
            68.10013       0.93694807224        1.0071648142
           68.901308       0.94140057577        1.0104257996
           69.702486       0.94600751223        1.0142458128
           70.503664       0.95057481638        1.0182033084
           71.304842       0.95509361456         1.021932472
            72.10602       0.95955651703        1.0256356643
           72.907198       0.96392989605        1.0293073527
           73.708376       0.96816447079        1.0332294442
           74.509554       0.97235399085        1.0367992821
           75.310732       0.97649569039        1.0404876109
            76.11191       0.98058570533        1.0441965013
           76.913088       0.98461666074        1.0478434853
           77.714266       0.98858118612        1.0511007374
           78.515444       0.99247280406        1.0545411115
           79.316622       0.99628288609        1.0579243045
