                0.02      0.014776554614       0.03561255478
                0.04      0.029666240248      0.070906921844
                0.06      0.044858062488       0.10581964978
                0.08      0.060209655516       0.13961280765
                 0.1      0.075681484215         0.172119162
                0.12      0.092101204704       0.20303335947
                0.14       0.10815958476       0.23206437046
                0.16       0.12366271167       0.25929557387
                0.18       0.13966503732       0.28466799329
                 0.2       0.15550193697       0.30703238423
                0.22       0.17156739245        0.3277887692
                0.24       0.18841054276       0.34786376564
                0.26       0.20602815785       0.36690189084
                0.28       0.22359964656       0.38678017172
                 0.3       0.23989688089       0.40511924629
                0.32       0.25568726626       0.42367770064
                0.34       0.27295901274       0.44115529769
                0.36       0.29008000821       0.45994998659
                0.38       0.30601948404       0.47743755911
                 0.4       0.32363421842        0.4946582195
                0.42       0.34129426397         0.511250379
                0.44       0.35756901037       0.52740696936
                0.46       0.37395290473        0.5454305182
                0.48       0.39036523116       0.56216332424
                 0.5        0.4044186684       0.57655899457
                0.52       0.42014989417       0.59171488755
                0.54       0.43424753195       0.60827626709
                0.56       0.45000968015       0.62292439374
                0.58       0.46497587233       0.63740647395
                 0.6       0.48115088182       0.65030387891
                0.62       0.49457048316       0.66236208743
                0.64       0.50668896209       0.67468442461
                0.66        0.5188344542       0.68889656363
                0.68       0.53328379374       0.70232584792
                 0.7       0.54644469209        0.7128974085
                0.72       0.55668594017       0.72402828085
                0.74       0.56987100277       0.73611362824
                0.76       0.58212385573       0.74628884286
                0.78       0.59172740109       0.75488441383
                 0.8       0.60188016076       0.76395757754
                0.82       0.61091952127       0.77236422132
                0.84       0.62062682838        0.7786022681
                0.86       0.62792941301       0.78339016279
                0.88       0.63744285995       0.79013011883
                 0.9       0.64674369544       0.79907322821
                0.92       0.65436434313       0.80405931078
                0.94       0.66245728162        0.8113867918
                0.96        0.6707618846       0.81698164691
                0.98       0.67975768324        0.8256822667
                   1       0.68503943549       0.83127577805
                1.02       0.69432195878       0.83801981999
                1.04       0.70257904645       0.84216065783
                1.06       0.70886500019       0.84744570242
                1.08       0.71714378321        0.8542535719
                 1.1       0.72547331075       0.85982623112
                1.12       0.73423855422       0.86786222188
                1.14       0.74393276423       0.87533788193
                1.16        0.7551397818       0.88177496283
                1.18       0.76667578029       0.88811113311
                 1.2         0.773955704       0.89386837067
                1.22       0.78152551818       0.89990253232
                1.24       0.78983392356       0.90550865915
                1.26       0.79876357345       0.91140271016
                1.28        0.8085228401       0.91637249518
                 1.3        0.8164373972       0.92107865432
                1.32       0.82466479107       0.92643059988
                1.34       0.83273663634       0.93007075477
                1.36       0.84200617386       0.93455263764
                1.38       0.84702259904       0.93805808574
                 1.4       0.85231376364       0.94231710865
                1.42       0.85690499573       0.94581944345
                1.44       0.86063470037       0.94926618649
                1.46       0.86405698208       0.95262499137
                1.48       0.86858963074       0.95505330897
                 1.5       0.87210501774       0.95851915463
                1.52       0.87652220373       0.96134291647
                1.54       0.87760160891       0.96322692285
                1.56       0.87971578576        0.9645439579
                1.58       0.88372070505       0.96648580108
                 1.6       0.88688117219        0.9687138784
                1.62       0.88989542839       0.97067128762
                1.64       0.89395121686       0.97287229428
                1.66       0.89513553874       0.97510072384
                1.68       0.89824760775         0.976918448
                 1.7       0.90354082718       0.97975450457
                1.72       0.90754598785       0.98254679604
                1.74       0.91311189526       0.98468319096
                1.76       0.91768240206       0.98662834177
                1.78       0.92062797223       0.98866113965
                 1.8       0.92235686033       0.99057881849
                1.82       0.92628929043       0.99231126319
                1.84       0.92889896942       0.99406981588
                1.86       0.93138681104       0.99565920046
                1.88       0.93534375229       0.99677330416
                 1.9       0.93862258542       0.99767450313
                1.92        0.9433153783       0.99843686022
                1.94        0.9517422111        0.9989957161
                1.96       0.96467175683       0.99942537851
                1.98       0.98129944157       0.99974420969
