                0.02   -0.00036045812709
                0.04   -0.00072054965047
                0.06    -0.0010797682542
                0.08    -0.0014373274651
                 0.1    -0.0017920196796
                0.12    -0.0021421331372
                0.14    -0.0024855535465
                0.16    -0.0028201200894
                0.18    -0.0031439573655
                 0.2    -0.0034556325981
                0.22    -0.0037541273365
                0.24    -0.0040387622077
                0.26    -0.0043090903351
                0.28    -0.0045648691384
                 0.3    -0.0048062821048
                0.32    -0.0050339115631
                0.34    -0.0052485324216
                0.36    -0.0054508933829
                0.38    -0.0056414888996
                 0.4    -0.0058203320207
                0.42    -0.0059869539646
                0.44    -0.0061406699653
                0.46     -0.006280576412
                0.48    -0.0064059104471
                 0.5    -0.0065163036725
                0.52    -0.0066117037534
                0.54    -0.0066922656617
                0.56    -0.0067582568181
                0.58    -0.0068101364969
                 0.6    -0.0068485966803
                0.62    -0.0068744506795
                0.64    -0.0068885088142
                0.66    -0.0068916501108
                0.68    -0.0068849532066
                 0.7    -0.0068695390552
                0.72    -0.0068463710965
                0.74    -0.0068161950551
                0.76    -0.0067794677728
                0.78    -0.0067362667522
                 0.8    -0.0066865018057
                0.82    -0.0066299943499
                0.84    -0.0065664106262
                0.86    -0.0064954366621
                0.88    -0.0064170846992
                 0.9    -0.0063315724604
                0.92    -0.0062391265924
                0.94     -0.006139895329
                0.96    -0.0060343836691
                0.98    -0.0059236447353
                   1    -0.0058091529242
                1.02     -0.005692648411
                1.04    -0.0055759628762
                1.06    -0.0054608251739
                1.08    -0.0053486457146
                 1.1    -0.0052402802039
                1.12     -0.005135962644
                1.14    -0.0050357287019
                1.16    -0.0049394739814
                1.18    -0.0048467633394
                 1.2    -0.0047566364232
                1.22     -0.004667760174
                1.24    -0.0045788175687
                1.26    -0.0044885887731
                1.28    -0.0043959228895
                 1.3     -0.004299946631
                1.32    -0.0042001301649
                1.34    -0.0040962430251
                1.36    -0.0039884091666
                1.38    -0.0038770079141
                 1.4    -0.0037625785385
                1.42    -0.0036459440791
                1.44    -0.0035282434799
                1.46    -0.0034107602844
                1.48    -0.0032947234323
                 1.5    -0.0031811964359
                1.52    -0.0030711103149
                1.54    -0.0029651303445
                1.56    -0.0028634536565
                1.58    -0.0027655973886
                 1.6    -0.0026704015798
                1.62    -0.0025764273214
                1.64    -0.0024820233005
                1.66    -0.0023856174489
                1.68    -0.0022859837402
                 1.7    -0.0021821940758
                1.72    -0.0020735399014
                1.74    -0.0019594488946
                1.76    -0.0018394142916
                1.78    -0.0017131490642
                 1.8     -0.001580757898
                1.82    -0.0014426052377
                1.84    -0.0012991478839
                1.86     -0.001150797807
                1.88   -0.00099783260529
                 1.9   -0.00084044778421
                1.92   -0.00067877065484
                1.94   -0.00051310850509
                1.96   -0.00034409541419
                1.98    -0.0001726753064
