               0.002     0.0021429678488
               0.004     0.0042859082678
               0.006     0.0064287937963
               0.008     0.0085715969122
                0.01      0.010714290001
               0.012      0.012856845325
               0.014      0.014999234992
               0.016      0.017141430926
               0.018       0.01928340483
                0.02      0.021425128164
               0.022      0.023566572105
               0.024      0.025707707517
               0.026      0.027848504921
               0.028      0.029988934461
                0.03      0.032128965871
               0.032       0.03426856844
               0.034      0.036407711002
               0.036      0.038546362309
               0.038      0.040684491577
                0.04      0.042822068514
               0.042      0.044959063251
               0.044       0.04709544628
               0.046      0.049231188383
               0.048      0.051366260567
                0.05      0.053500633996
               0.052      0.055634279927
               0.054       0.05776716964
               0.056      0.059899274544
               0.058       0.06203056658
                0.06      0.064161018314
               0.062      0.066290602892
               0.064       0.06841929399
               0.066      0.070547065768
               0.068      0.072673892822
                0.07      0.074799750133
               0.072      0.076924613022
               0.074      0.079048457097
               0.076      0.081171258204
               0.078      0.083292992379
                0.08      0.085413635794
               0.082       0.08753316471
               0.084      0.089651555421
               0.086      0.091768784204
               0.088      0.093884827266
                0.09      0.095999660691
               0.092      0.098113260384
               0.094       0.10022560202
               0.096       0.10233666097
               0.098       0.10444641229
                 0.1       0.10655483061
               0.102       0.10866189011
               0.104       0.11076756445
               0.106       0.11287182671
               0.108       0.11497464932
                0.11       0.11707600405
               0.112       0.11917586185
               0.114        0.1212741929
               0.116       0.12337096645
               0.118       0.12546615081
                0.12       0.12755971328
               0.122       0.12965162004
               0.124       0.13174183614
               0.126        0.1338303254
               0.128       0.13591705031
                0.13       0.13800197204
               0.132       0.14008505041
               0.134       0.14216624449
               0.136       0.14424551324
               0.138       0.14632281708
                0.14       0.14839811846
               0.142       0.15047138173
               0.144         0.152542573
               0.146       0.15461166004
               0.148       0.15667861214
                0.15       0.15874339999
               0.152       0.16080599552
               0.154       0.16286637181
               0.156       0.16492450294
               0.158       0.16698036388
                0.16       0.16903393033
               0.162        0.1710851786
               0.164        0.1731340855
               0.166       0.17518062818
               0.168         0.177224784
                0.17       0.17926653044
               0.172       0.18130584489
               0.174       0.18334270459
               0.176       0.18537708646
               0.178       0.18740896694
                0.18       0.18943832192
               0.182       0.19146512654
               0.184       0.19348935564
               0.186        0.1955109853
               0.188       0.19752999439
                0.19       0.19954636481
               0.192       0.20156008138
               0.194       0.20357113164
               0.196       0.20557950575
               0.198       0.20758519629
                 0.2        0.2095881982
               0.202       0.21158850855
               0.204       0.21358612644
               0.206       0.21558105285
               0.208       0.21757329048
                0.21       0.21956284364
               0.212       0.22154971806
               0.214       0.22353392078
               0.216       0.22551545999
               0.218       0.22749434489
                0.22       0.22947058557
               0.222       0.23144419279
               0.224       0.23341517795
               0.226       0.23538355283
               0.228       0.23734932953
                0.23       0.23931252028
               0.232       0.24127313731
               0.234        0.2432311927
               0.236       0.24518669823
               0.238       0.24713966527
                0.24       0.24909010456
               0.242       0.25103802613
               0.244       0.25298343914
               0.246       0.25492635168
               0.248       0.25686677071
                0.25       0.25880470182
               0.252       0.26074014915
               0.254       0.26267311529
               0.256       0.26460360235
               0.258       0.26653161327
                0.26       0.26845715193
               0.262       0.27038022309
               0.264       0.27230083229
               0.266       0.27421898576
               0.268       0.27613469043
                0.27       0.27804795377
               0.272       0.27995878378
               0.274       0.28186718889
               0.276       0.28377317787
               0.278       0.28567675982
                0.28       0.28757794405
               0.282       0.28947674001
               0.284       0.29137315724
               0.286        0.2932672053
               0.288       0.29515889365
                0.29       0.29704823166
               0.292       0.29893522847
               0.294       0.30081989293
               0.296       0.30270223355
               0.298       0.30458225843
                 0.3       0.30645997514
               0.302       0.30833539069
               0.304       0.31020851146
               0.306       0.31207934308
               0.308       0.31394789041
                0.31       0.31581415741
               0.312       0.31767814711
               0.314       0.31953986152
               0.316       0.32139930152
               0.318       0.32325646685
                0.32       0.32511135596
               0.322       0.32696396596
               0.324       0.32881429257
               0.326       0.33066232999
               0.328       0.33250807083
                0.33       0.33435150607
               0.332       0.33619262493
               0.334       0.33803141478
               0.336        0.3398678611
               0.338       0.34170194738
                0.34         0.343533655
               0.342       0.34536296318
               0.344       0.34718984887
               0.346       0.34901428675
               0.348       0.35083625027
                0.35       0.35265571332
               0.352       0.35447265045
               0.354       0.35628703684
               0.356       0.35809884834
               0.358       0.35990806145
                0.36       0.36171465327
               0.362       0.36351860157
               0.364       0.36531988474
               0.366       0.36711848177
               0.368       0.36891437229
                0.37       0.37070753652
               0.372       0.37249795529
               0.374       0.37428561003
               0.376       0.37607048273
               0.378       0.37785255599
                0.38       0.37963181297
               0.382       0.38140823739
               0.384       0.38318181351
               0.386       0.38495252616
               0.388       0.38672036066
                0.39       0.38848530291
               0.392       0.39024733926
               0.394        0.3920064566
               0.396       0.39376264229
               0.398       0.39551588416
                 0.4       0.39726617051
               0.402       0.39901349006
               0.404       0.40075783199
               0.406       0.40249918588
               0.408       0.40423754169
                0.41       0.40597288979
               0.412       0.40770522089
               0.414       0.40943452604
               0.416       0.41116079663
               0.418       0.41288402432
                0.42       0.41460420109
               0.422       0.41632131914
               0.424       0.41803537093
               0.426       0.41974634911
               0.428       0.42145424653
                0.43       0.42315905617
               0.432       0.42486077118
               0.434       0.42655938478
               0.436       0.42825489026
               0.438       0.42994728098
                0.44       0.43163655028
               0.442       0.43332269148
               0.444       0.43500569786
               0.446       0.43668556259
               0.448       0.43836227871
                0.45        0.4400358391
               0.452       0.44170623643
               0.454       0.44337346312
               0.456        0.4450375113
               0.458       0.44669837316
                0.46         0.448356042
               0.462       0.45001051264
               0.464       0.45166178128
               0.466       0.45330984541
               0.468       0.45495470371
                0.47       0.45659635593
               0.472       0.45823480282
               0.474       0.45987004597
               0.476       0.46150208778
               0.478       0.46313093126
                0.48          0.46475658
               0.482       0.46637903804
               0.484       0.46799830989
               0.486       0.46961440091
               0.488        0.4712273173
                0.49       0.47283706594
               0.492        0.4744436543
               0.494       0.47604709026
               0.496         0.477647382
               0.498       0.47924453786
                 0.5       0.48083856619
               0.502       0.48242947522
               0.504        0.4840172729
               0.506       0.48560196679
               0.508       0.48718356389
                0.51        0.4887620705
               0.512       0.49033749208
               0.514       0.49190983312
               0.516       0.49347909693
               0.518       0.49504528558
                0.52       0.49660839967
               0.522       0.49816843822
               0.524       0.49972539895
               0.526       0.50127927997
               0.528       0.50283008057
                0.53       0.50437780115
               0.532       0.50592244314
               0.534       0.50746400899
               0.536         0.509002502
               0.538       0.51053792636
                0.54       0.51207028699
               0.542        0.5135995895
               0.544       0.51512584014
               0.546       0.51664904569
               0.548        0.5181692134
                0.55       0.51968635092
               0.552       0.52120046623
               0.554       0.52271156754
               0.556       0.52421966322
               0.558       0.52572476175
                0.56       0.52722687162
               0.562       0.52872600124
               0.564       0.53022215888
               0.566       0.53171535257
               0.568       0.53320559004
                0.57       0.53469287864
               0.572       0.53617722522
               0.574       0.53765863607
               0.576       0.53913711685
               0.578       0.54061267249
                0.58       0.54208530707
               0.582       0.54355502378
               0.584       0.54502182483
               0.586       0.54648571131
               0.588       0.54794668315
                0.59         0.549404739
               0.592       0.55085987613
               0.594       0.55231209039
               0.596       0.55376137602
               0.598       0.55520772564
                 0.6        0.5566511301
               0.602        0.5580915784
               0.604        0.5595290576
               0.606       0.56096355266
               0.608       0.56239504643
                0.61       0.56382351945
               0.612       0.56524894992
               0.614       0.56667131354
               0.616       0.56809058373
               0.618       0.56950673318
                0.62        0.5709197347
               0.622       0.57232956119
               0.624       0.57373618566
               0.626       0.57513958117
               0.628       0.57653972079
                0.63       0.57793657756
               0.632       0.57933012448
               0.634       0.58072033444
               0.636       0.58210718022
               0.638       0.58349063443
                0.64       0.58487066947
               0.642       0.58624725747
               0.644       0.58762037032
               0.646       0.58898997955
               0.648       0.59035605634
                0.65       0.59171857144
               0.652       0.59307749516
               0.654       0.59443279731
               0.656       0.59578444715
               0.658       0.59713241335
                0.66       0.59847666395
               0.662       0.59981716629
               0.664       0.60115388699
               0.666       0.60248679188
               0.668       0.60381584595
                0.67       0.60514101331
               0.672       0.60646225713
               0.674       0.60777953958
               0.676       0.60909282177
               0.678       0.61040206374
                0.68       0.61170722432
               0.682       0.61300826116
               0.684        0.6143051306
               0.686       0.61559778766
               0.688       0.61688618643
                0.69       0.61817028124
               0.692       0.61945002696
               0.694       0.62072537899
               0.696       0.62199629329
               0.698       0.62326272633
                 0.7       0.62452463507
               0.702       0.62578197701
               0.704       0.62703471011
               0.706       0.62828279281
               0.708       0.62952618402
                0.71       0.63076484309
               0.712       0.63199872979
               0.714       0.63322780436
               0.716       0.63445202792
               0.718       0.63567136308
                0.72       0.63688577401
               0.722       0.63809522634
               0.724       0.63929968713
               0.726       0.64049912482
               0.728       0.64169350919
                0.73       0.64288281125
               0.732       0.64406700326
               0.734       0.64524605861
               0.736       0.64641995181
               0.738       0.64758865841
                0.74       0.64875215538
               0.742       0.64991042151
               0.744       0.65106343755
               0.746       0.65221118613
               0.748       0.65335365172
                0.75        0.6544908207
               0.752       0.65562268138
               0.754       0.65674922407
               0.756       0.65787044099
               0.758       0.65898632624
                0.76       0.66009687579
               0.762       0.66120208742
               0.764       0.66230196068
               0.766       0.66339649685
               0.768       0.66448569889
                0.77       0.66556957144
               0.772       0.66664812073
               0.774       0.66772135457
               0.776       0.66878928229
               0.778        0.6698519147
                0.78       0.67090926406
               0.782       0.67196134401
               0.784       0.67300816957
               0.786       0.67404975704
               0.788       0.67508612399
                0.79       0.67611728921
               0.792       0.67714327267
               0.794       0.67816409542
               0.796       0.67917977963
               0.798       0.68019034847
                 0.8       0.68119582609
               0.802       0.68219623755
               0.804        0.6831916088
               0.806       0.68418196661
               0.808       0.68516733852
                0.81       0.68614775277
               0.812       0.68712323828
               0.814       0.68809382458
               0.816       0.68905954195
               0.818       0.69002042188
                0.82       0.69097649708
               0.822        0.6919278015
               0.824       0.69287437025
               0.826       0.69381624017
               0.828       0.69475345079
                0.83       0.69568604442
               0.832       0.69661406613
               0.834        0.6975375636
               0.836       0.69845658707
               0.838       0.69937118922
                0.84       0.70028142512
               0.842       0.70118735209
               0.844       0.70208902964
               0.846       0.70298651939
               0.848       0.70387988494
                0.85       0.70476919181
               0.852       0.70565450735
               0.854       0.70653590062
               0.856       0.70741344233
               0.858       0.70828720474
                0.86       0.70915726152
               0.862       0.71002368775
               0.864       0.71088655973
               0.866       0.71174595496
               0.868         0.712601952
                0.87       0.71345463037
               0.872       0.71430407052
               0.874       0.71515035364
               0.876       0.71599356164
               0.878       0.71683377701
                0.88       0.71767108273
               0.882       0.71850556221
               0.884       0.71933729911
               0.886       0.72016637732
               0.888       0.72099288083
                0.89       0.72181689362
               0.892       0.72263849956
               0.894       0.72345778232
               0.896       0.72427482526
               0.898       0.72508971133
                 0.9       0.72590252302
               0.902       0.72671334277
               0.904        0.7275222534
               0.906       0.72832933811
               0.908       0.72913468037
                0.91       0.72993836385
               0.912       0.73074047237
               0.914       0.73154108979
               0.916       0.73234029994
               0.918       0.73313818657
                0.92       0.73393483324
               0.922       0.73473032324
               0.924       0.73552473955
               0.926        0.7363181647
               0.928       0.73711068075
                0.93       0.73790236917
               0.932       0.73869331076
               0.934       0.73948358559
               0.936       0.74027327289
               0.938       0.74106245098
                0.94       0.74185119721
               0.942       0.74263958781
               0.944       0.74342769787
               0.946       0.74421560123
               0.948       0.74500337044
                0.95       0.74579107678
               0.952       0.74657879013
               0.954       0.74736657886
               0.956       0.74815450979
               0.958       0.74894264804
                0.96       0.74973105697
               0.962       0.75051979806
               0.964       0.75130893083
               0.966       0.75209851274
               0.968       0.75288859907
                0.97       0.75367924284
               0.972       0.75447049469
               0.974       0.75526240282
               0.976       0.75605501282
               0.978       0.75684836763
                0.98       0.75764250739
               0.982       0.75843746935
               0.984       0.75923328777
               0.986        0.7600299938
               0.988       0.76082761537
                0.99       0.76162617709
               0.992       0.76242570014
               0.994       0.76322620213
               0.996       0.76402769701
               0.998       0.76483019496
                   1       0.76563370228
               1.002       0.76643822196
               1.004       0.76724375529
               1.006       0.76805030224
               1.008       0.76885786139
                1.01       0.76966642993
               1.012       0.77047600358
               1.014       0.77128657655
               1.016       0.77209814155
               1.018       0.77291068967
                1.02       0.77372421038
               1.022       0.77453869148
               1.024       0.77535411907
               1.026       0.77617047746
               1.028       0.77698774917
                1.03       0.77780591486
               1.032       0.77862495329
               1.034       0.77944484127
               1.036       0.78026555363
               1.038       0.78108706314
                1.04       0.78190934047
               1.042       0.78273235419
               1.044       0.78355607062
               1.046        0.7843804539
               1.048       0.78520546582
                1.05       0.78603106591
               1.052       0.78685721205
               1.054       0.78768386181
               1.056       0.78851097262
               1.058       0.78933850183
                1.06        0.7901664067
               1.062        0.7909946444
               1.064       0.79182317206
               1.066       0.79265194672
               1.068       0.79348092542
                1.07       0.79431006514
               1.072       0.79513932284
               1.074       0.79596865547
               1.076          0.79679802
               1.078        0.7976273734
                1.08       0.79845667267
               1.082       0.79928587483
               1.084       0.80011493696
               1.086       0.80094381622
               1.088       0.80177246979
                1.09       0.80260085498
               1.092       0.80342892916
               1.094       0.80425664981
               1.096       0.80508397455
               1.098       0.80591086108
                 1.1       0.80673726727
               1.102       0.80756315111
               1.104       0.80838847078
               1.106        0.8092131846
               1.108       0.81003725108
                1.11       0.81086062891
               1.112       0.81168327698
               1.114       0.81250515438
               1.116       0.81332622044
               1.118       0.81414643469
                1.12       0.81496575691
               1.122       0.81578414712
               1.124       0.81660156561
               1.126       0.81741797289
               1.128       0.81823332979
                1.13       0.81904759738
               1.132       0.81986073704
               1.134       0.82067271044
               1.136       0.82148347955
               1.138       0.82229300665
                1.14       0.82310125432
               1.142       0.82390818549
               1.144       0.82471376339
               1.146       0.82551795162
               1.148       0.82632071409
                1.15       0.82712201505
               1.152       0.82792181914
               1.154       0.82872009132
               1.156       0.82951679691
               1.158       0.83031190163
                1.16       0.83110537151
               1.162         0.831897173
               1.164        0.8326872729
               1.166       0.83347563839
               1.168       0.83426223702
                1.17       0.83504703673
               1.172       0.83583000583
               1.174       0.83661111302
               1.176       0.83739032738
               1.178       0.83816761836
                1.18        0.8389429558
               1.182       0.83971630991
               1.184       0.84048765128
               1.186        0.8412569509
               1.188       0.84202418009
                1.19       0.84278931056
               1.192       0.84355231439
               1.194       0.84431316403
               1.196       0.84507183255
               1.198       0.84582829419
                 1.2       0.84658252441
               1.202       0.84733449991
               1.204       0.84808419851
               1.206       0.84883159924
               1.208       0.84957668218
                1.21       0.85031942852
               1.212       0.85105982049
               1.214       0.85179784133
               1.216       0.85253347525
               1.218       0.85326670741
                1.22       0.85399752388
               1.222       0.85472591159
               1.224       0.85545185831
               1.226       0.85617535263
               1.228        0.8568963839
                1.23       0.85761494218
               1.232       0.85833101824
               1.234        0.8590446035
               1.236       0.85975569001
               1.238       0.86046427037
                1.24       0.86117033776
               1.242       0.86187388582
               1.244       0.86257490868
               1.246       0.86327340087
               1.248       0.86396935733
                1.25       0.86466277332
               1.252       0.86535364438
               1.254       0.86604196634
               1.256       0.86672773522
               1.258       0.86741094722
                1.26       0.86809159865
               1.262       0.86876968592
               1.264       0.86944520546
               1.266        0.8701181537
               1.268         0.870788527
                1.27       0.87145632162
               1.272       0.87212153368
               1.274       0.87278415909
               1.276       0.87344419351
               1.278        0.8741016323
                1.28       0.87475647049
               1.282       0.87540870267
               1.284       0.87605832303
               1.286       0.87670532521
               1.288       0.87734970233
                1.29       0.87799144686
               1.292       0.87863055065
               1.294       0.87926700478
               1.296        0.8799007996
               1.298       0.88053192459
                 1.3       0.88116036837
               1.302       0.88178611858
               1.304       0.88240916187
               1.306       0.88302948381
               1.308       0.88364706885
                1.31       0.88426190025
               1.312          0.88487396
               1.314       0.88548322879
               1.316       0.88608968591
               1.318       0.88669330923
                1.32       0.88729407507
               1.322       0.88789195822
               1.324       0.88848693238
               1.326       0.88907897128
               1.328       0.88966804898
                1.33        0.8902541398
               1.332       0.89083721836
               1.334       0.89141725951
               1.336       0.89199423836
               1.338       0.89256813026
                1.34       0.89313891074
               1.342       0.89370655556
               1.344       0.89427104063
               1.346       0.89483234205
               1.348       0.89539043607
                1.35       0.89594529931
               1.352       0.89649690924
               1.354       0.89704524464
               1.356       0.89759028599
               1.358       0.89813201549
                1.36       0.89867041704
               1.362       0.89920547623
               1.364       0.89973718029
               1.366       0.90026551812
               1.368       0.90079048022
                1.37        0.9013120587
               1.372       0.90183024725
               1.374        0.9023450411
               1.376       0.90285643705
               1.378        0.9033644334
                1.38       0.90386902997
               1.382       0.90437022804
               1.384       0.90486803035
               1.386        0.9053624411
               1.388       0.90585346591
                1.39       0.90634111177
               1.392        0.9068253871
               1.394       0.90730630164
               1.396       0.90778386649
               1.398       0.90825809408
                 1.4       0.90872899813
               1.402       0.90919659364
               1.404       0.90966089687
               1.406       0.91012192535
               1.408        0.9105796978
                1.41       0.91103423415
               1.412       0.91148555553
               1.414        0.9119336842
               1.416       0.91237864358
               1.418       0.91282045821
                1.42       0.91325915373
               1.422       0.91369475685
               1.424       0.91412729534
               1.426         0.914556798
               1.428       0.91498329467
                1.43       0.91540681616
               1.432       0.91582739426
               1.434        0.9162450617
               1.436       0.91665985215
               1.438       0.91707180018
                1.44       0.91748094125
               1.442       0.91788731168
               1.444       0.91829094863
               1.446       0.91869189006
               1.448       0.91909017473
                1.45       0.91948584219
               1.452        0.9198789327
               1.454       0.92026948727
               1.456       0.92065754758
               1.458       0.92104315602
                1.46        0.9214263556
               1.462       0.92180718995
               1.464       0.92218570331
               1.466        0.9225619405
               1.468       0.92293594686
                1.47       0.92330776828
               1.472       0.92367745111
               1.474        0.9240450422
               1.476       0.92441058883
               1.478       0.92477413867
                1.48       0.92513573981
               1.482       0.92549544066
               1.484       0.92585328999
               1.486       0.92620933685
               1.488       0.92656363055
                1.49       0.92691622067
               1.492       0.92726715697
               1.494       0.92761648941
               1.496       0.92796426808
               1.498       0.92831054319
                 1.5       0.92865536506
               1.502       0.92899878402
               1.504       0.92934085045
               1.506       0.92968161472
               1.508       0.93002112713
                1.51       0.93035943792
               1.512        0.9306965972
               1.514       0.93103265494
               1.516       0.93136766092
               1.518       0.93170166471
                1.52       0.93203471559
               1.522       0.93236686258
               1.524       0.93269815436
               1.526       0.93302863922
               1.528       0.93335836507
                1.53       0.93368737934
               1.532         0.934015729
               1.534       0.93434346048
               1.536       0.93467061963
               1.538       0.93499725172
                1.54       0.93532340135
               1.542       0.93564911241
               1.544       0.93597442808
               1.546       0.93629939075
               1.548       0.93662404197
                1.55       0.93694842244
               1.552       0.93727257193
               1.554       0.93759652925
               1.556       0.93792033221
               1.558       0.93824401755
                1.56       0.93856762092
               1.562       0.93889117681
               1.564       0.93921471849
               1.566       0.93953827801
               1.568       0.93986188608
                1.57       0.94018557209
               1.572       0.94050936399
               1.574       0.94083328829
               1.576       0.94115736998
               1.578       0.94148163247
                1.58       0.94180609763
               1.582        0.9421307863
               1.584       0.94245571881
               1.586       0.94278091501
               1.588       0.94310639423
                1.59       0.94343217528
               1.592       0.94375827637
               1.594       0.94408471518
               1.596       0.94441150874
               1.598       0.94473867345
                 1.6       0.94506622508
               1.602       0.94539417868
               1.604       0.94572254861
               1.606       0.94605134849
               1.608       0.94638059118
                1.61       0.94671028872
               1.612       0.94704045238
               1.614       0.94737109253
               1.616       0.94770221878
               1.618          0.94803384
                1.62       0.94836596434
               1.622       0.94869859923
               1.624       0.94903175134
               1.626       0.94936542651
               1.628       0.94969962981
                1.63       0.95003436546
               1.632       0.95036963679
               1.634       0.95070544627
               1.636       0.95104179542
               1.638       0.95137868484
                1.64       0.95171611412
               1.642       0.95205408188
               1.644       0.95239258568
               1.646       0.95273162204
               1.648       0.95307118638
                1.65       0.95341127298
               1.652       0.95375187498
               1.654       0.95409298435
               1.656       0.95443459181
               1.658       0.95477668686
                1.66        0.9551192577
               1.662       0.95546229123
               1.664       0.95580577298
               1.666       0.95614968711
               1.668       0.95649401636
                1.67       0.95683874202
               1.672       0.95718384388
               1.674       0.95752930021
               1.676       0.95787508771
               1.678       0.95822118149
                1.68       0.95856755501
               1.682       0.95891418005
               1.684       0.95926102669
               1.686       0.95960806323
               1.688       0.95995525618
                1.69       0.96030257028
               1.692       0.96064996915
               1.694       0.96099741628
               1.696       0.96134487513
               1.698       0.96169230914
                 1.7       0.96203968172
               1.702       0.96238695631
               1.704       0.96273409633
               1.706       0.96308106521
               1.708       0.96342782643
                1.71       0.96377434348
               1.712       0.96412057989
               1.714       0.96446649925
               1.716       0.96481206521
               1.718       0.96515724147
                1.72       0.96550199182
               1.722       0.96584628013
               1.724       0.96619007035
               1.726       0.96653332655
               1.728       0.96687601289
                1.73       0.96721809365
               1.732       0.96755953324
               1.734       0.96790029621
               1.736       0.96824034722
               1.738       0.96857965112
                1.74       0.96891817288
               1.742       0.96925587766
               1.744       0.96959273077
               1.746       0.96992869771
               1.748       0.97026374417
                1.75       0.97059783602
               1.752       0.97093093935
               1.754       0.97126302045
               1.756       0.97159404582
               1.758       0.97192398218
                1.76       0.97225279649
               1.762       0.97258045595
               1.764       0.97290692798
               1.766       0.97323218028
               1.768       0.97355618077
                1.77       0.97387889766
               1.772       0.97420029942
               1.774       0.97452035479
               1.776        0.9748390328
               1.778       0.97515630274
                1.78       0.97547213422
               1.782       0.97578649715
               1.784        0.9760993617
               1.786       0.97641069842
               1.788       0.97672047846
                1.79       0.97702867411
               1.792        0.9773352588
               1.794       0.97764020706
               1.796       0.97794349458
               1.798        0.9782450981
                 1.8       0.97854499546
               1.802       0.97884316554
               1.804       0.97913958826
               1.806       0.97943424456
               1.808        0.9797271164
                1.81       0.98001818668
               1.812       0.98030743932
               1.814       0.98059485926
               1.816       0.98088043251
               1.818       0.98116414614
                1.82       0.98144598826
               1.822         0.981725948
               1.824        0.9820040155
               1.826       0.98228018191
               1.828       0.98255443936
                1.83       0.98282678094
               1.832       0.98309720072
               1.834        0.9833656937
               1.836       0.98363225582
               1.838       0.98389688393
                1.84       0.98415957581
               1.842        0.9844203301
               1.844       0.98467914634
               1.846       0.98493602494
               1.848       0.98519096715
                1.85       0.98544397508
               1.852       0.98569505165
               1.854       0.98594420062
               1.856       0.98619142653
               1.858       0.98643673473
                1.86       0.98668013134
               1.862       0.98692162325
               1.864        0.9871612181
               1.866       0.98739892428
               1.868        0.9876347509
                1.87       0.98786870778
               1.872       0.98810080548
               1.874        0.9883310552
               1.876       0.98855946887
               1.878       0.98878605904
                1.88       0.98901083896
               1.882       0.98923382249
               1.884       0.98945502412
               1.886       0.98967445898
               1.888       0.98989214279
                1.89       0.99010809186
               1.892       0.99032232308
               1.894       0.99053485391
               1.896       0.99074570238
               1.898       0.99095488702
                 1.9       0.99116242693
               1.902        0.9913683417
               1.904       0.99157265144
               1.906       0.99177537675
               1.908       0.99197653868
                1.91       0.99217615877
               1.912       0.99237425902
               1.914       0.99257086183
               1.916       0.99276599006
               1.918       0.99295966696
                1.92        0.9931519162
               1.922       0.99334276179
               1.924       0.99353222816
               1.926       0.99372034008
               1.928       0.99390712263
                1.93       0.99409260127
               1.932       0.99427680175
               1.934        0.9944597501
               1.936       0.99464147268
               1.938       0.99482199608
                1.94       0.99500134718
               1.942       0.99517955307
               1.944       0.99535664116
               1.946       0.99553263959
               1.948       0.99570757759
                1.95       0.99588148545
               1.952       0.99605439449
               1.954         0.996226337
               1.956       0.99639734623
               1.958        0.9965674563
                1.96       0.99673670224
               1.962       0.99690511985
               1.964       0.99707274575
               1.966       0.99723961729
               1.968       0.99740577251
                1.97       0.99757125013
               1.972       0.99773608949
               1.974       0.99790033052
               1.976       0.99806401367
               1.978       0.99822717991
                1.98        0.9983898707
               1.982       0.99855212789
               1.984       0.99871399374
               1.986       0.99887551085
               1.988       0.99903672213
                1.99       0.99919767077
               1.992        0.9993584002
               1.994       0.99951895401
               1.996       0.99967937598
               1.998       0.99983970999
                   2                   1
