                0.02      0.014688241846      0.023950011398
                0.04      0.029467875083      0.047839601051
                0.06      0.044416589607      0.071391878692
                0.08      0.059268752628      0.094779751811
                 0.1      0.074074584696       0.11798409908
                0.12      0.088977751313       0.14093967886
                0.14       0.10463758843       0.16340470716
                0.16       0.11976743644       0.18542142294
                0.18       0.13506558142       0.20681039232
                 0.2       0.15125733681       0.22744368256
                0.22       0.16784611445       0.24766747392
                0.24        0.1845442385       0.26741062698
                0.26       0.20120698088       0.28698320327
                0.28         0.217079537       0.30619309599
                 0.3       0.23328159082       0.32471489967
                0.32        0.2490325438       0.34222275906
                0.34       0.26574250922       0.35972925543
                0.36       0.28151595335       0.37804969885
                0.38       0.29717846694       0.39511729806
                 0.4       0.31249933834       0.41196119795
                0.42       0.32773938393       0.42911410432
                0.44       0.34241177986       0.44565774315
                0.46       0.35682500525       0.46070359888
                0.48       0.36956762478       0.47660883503
                 0.5       0.38423159189       0.49236729846
                0.52       0.39886394512       0.50581866001
                0.54       0.41046579622       0.51887340874
                0.56       0.42198451947       0.53193538498
                0.58       0.43372969187       0.54382465656
                 0.6       0.44655848509       0.55486935839
                0.62       0.45797396379       0.56647752745
                0.64       0.47052978936       0.57871589581
                0.66       0.48429916261       0.59104475516
                0.68       0.49632009186       0.60386420813
                 0.7       0.50721277737       0.61578488304
                0.72       0.51746479281       0.62742421921
                0.74       0.52878475599       0.63660425037
                0.76       0.53994067039       0.64826170623
                0.78       0.55096130127       0.65839714005
                 0.8       0.56038905269        0.6687340945
                0.82       0.57288714019       0.67862554708
                0.84       0.58480832726       0.68655098206
                0.86       0.59407161445        0.6976277615
                0.88       0.60394974379       0.70712526189
                 0.9       0.61620835491       0.71747466257
                0.92       0.62767668327       0.72793820477
                0.94       0.63820570693       0.73731895953
                0.96       0.64849126969       0.74693149816
                0.98       0.65920333426       0.75802814201
                   1       0.67263357787       0.76878768208
                1.02       0.68472775543       0.78005523659
                1.04         0.697349065       0.79130115041
                1.06       0.70955369544       0.80170099688
                1.08       0.72174639744       0.81228590238
                 1.1        0.7351669809       0.82160441116
                1.12       0.74693032391        0.8327253147
                1.14       0.75925848365       0.84371861986
                1.16       0.77229593334       0.85411803942
                1.18       0.78475784951       0.86455237052
                 1.2       0.79673567661        0.8749896103
                1.22       0.80926152285       0.88568623317
                1.24       0.81910681306       0.89523760632
                1.26       0.82892544824       0.90543200078
                1.28       0.83912446077       0.91383436976
                 1.3       0.84842781069       0.92184333489
                1.32       0.85776705234       0.93054061392
                1.34       0.86595342426        0.9386467106
                1.36       0.87457484197       0.94551952726
                1.38       0.88234434805       0.95160492806
                 1.4       0.88909970563       0.95676494649
                1.42       0.89579528956       0.96227367203
                1.44       0.90116413155       0.96719522089
                1.46        0.9071201664       0.97182633885
                1.48       0.91145368503       0.97557877547
                 1.5       0.91587476731       0.97838342562
                1.52       0.92052715019       0.98057381447
                1.54       0.92386164441       0.98222406676
                1.56       0.92710490928       0.98394278047
                1.58       0.92959967488       0.98600685629
                 1.6       0.93223406309       0.98723106642
                1.62       0.93489121159       0.98815995404
                1.64       0.93774177758       0.98949189827
                1.66       0.94096221973       0.99088995907
                1.68       0.94393799099       0.99207044799
                 1.7       0.94719608891       0.99275272652
                1.72       0.95044706207       0.99350875438
                1.74        0.9535512433       0.99468247194
                1.76       0.95681813119       0.99533234248
                1.78       0.96028088083        0.9970823407
                 1.8       0.96375905809       0.99777476884
                1.82       0.96694044085       0.99927128684
                1.84       0.97067859826       0.99986959468
                1.86       0.97414499046        1.0002009018
                1.88       0.97777576107        1.0003919616
                 1.9       0.98136501417        1.0006792946
                1.92       0.98513668422        1.0007808685
                1.94       0.98882350315         1.000652427
                1.96       0.99255418999        1.0004971435
                1.98       0.99627063418         1.000267445
