                0.02    -0.0013073070153
                0.04    -0.0025971557769
                0.06    -0.0038528607942
                0.08    -0.0050592554992
                 0.1    -0.0062033633246
                0.12    -0.0072745394059
                0.14     -0.008263906849
                0.16     -0.009163426864
                0.18    -0.0099655270535
                 0.2     -0.010662939089
                0.22     -0.011249149965
                0.24     -0.011718698253
                0.26     -0.012067598004
                0.28      -0.01229399266
                 0.3     -0.012399061546
                0.32      -0.01238792319
                0.34     -0.012269709674
                0.36     -0.012056823646
                0.38     -0.011763373656
                 0.4     -0.011404117031
                0.42     -0.010994290505
                0.44     -0.010549318331
                0.46     -0.010084213595
                0.48    -0.0096123992951
                 0.5    -0.0091441781744
                0.52     -0.008685958015
                0.54    -0.0082419483414
                0.56    -0.0078159529668
                0.58    -0.0074122275751
                 0.6    -0.0070353617385
                0.62    -0.0066896767705
                0.64    -0.0063788592328
                0.66    -0.0061058381537
                0.68    -0.0058729539359
                 0.7    -0.0056817382018
                0.72    -0.0055315414991
                0.74     -0.005418977245
                0.76    -0.0053388965369
                0.78    -0.0052856592753
                 0.8    -0.0052534604702
                0.82     -0.005236473092
                0.84     -0.005229172985
                0.86    -0.0052266125502
                0.88    -0.0052249483365
                 0.9    -0.0052220349187
                0.92    -0.0052173918392
                0.94    -0.0052117878307
                0.96    -0.0052066675794
                0.98    -0.0052036356872
                   1    -0.0052038897035
                1.02    -0.0052079071219
                1.04    -0.0052155385544
                1.06    -0.0052258733529
                1.08    -0.0052370616157
                 1.1     -0.005246745484
                1.12    -0.0052524088404
                1.14    -0.0052516182021
                1.16    -0.0052419048475
                1.18    -0.0052214902424
                 1.2    -0.0051895412918
                1.22    -0.0051462099359
                1.24    -0.0050922837845
                1.26    -0.0050288654247
                1.28    -0.0049569715345
                 1.3    -0.0048772714857
                1.32    -0.0047902129973
                1.34    -0.0046959014307
                1.36    -0.0045940419039
                1.38    -0.0044836061293
                 1.4    -0.0043627392666
                1.42    -0.0042296541422
                1.44    -0.0040830429142
                1.46    -0.0039221407882
                1.48    -0.0037468703181
                 1.5    -0.0035577647682
                1.52    -0.0033556145839
                1.54    -0.0031415534106
                1.56    -0.0029170425948
                1.58    -0.0026838965986
                 1.6    -0.0024444463631
                1.62    -0.0022017011634
                1.64    -0.0019593934791
                1.66    -0.0017216461209
                1.68    -0.0014928376328
                 1.7    -0.0012772681694
                1.72    -0.0010783371807
                1.74   -0.00089805702041
                1.76   -0.00073759263366
                1.78   -0.00059763786247
                 1.8   -0.00047838789293
                1.82   -0.00037937047335
                1.84   -0.00029941755127
                1.86     -0.000236529877
                1.88   -0.00018759633319
                 1.9   -0.00014892000231
                1.92   -0.00011660293191
                1.94   -8.7110353561e-05
                1.96   -5.8302890817e-05
                1.98   -2.9291737079e-05
