                0.02               0.126
                0.04               0.116
                0.06               0.108
                0.08               0.099
                 0.1               0.093
                0.12                0.09
                0.14               0.085
                0.16               0.082
                0.18                0.08
                 0.2               0.078
                0.22               0.076
                0.24               0.071
                0.26               0.068
                0.28               0.067
                 0.3               0.062
                0.32               0.059
                0.34               0.061
                0.36               0.065
                0.38               0.064
                 0.4               0.063
                0.42               0.063
                0.44               0.061
                0.46               0.061
                0.48               0.062
                 0.5               0.058
                0.52               0.067
                0.54               0.065
                0.56               0.064
                0.58               0.068
                 0.6               0.071
                0.62               0.071
                0.64                0.07
                0.66               0.073
                0.68               0.078
                 0.7               0.079
                0.72               0.081
                0.74               0.081
                0.76               0.082
                0.78               0.082
                 0.8               0.077
                0.82               0.074
                0.84                0.07
                0.86               0.066
                0.88               0.068
                 0.9               0.063
                0.92               0.065
                0.94               0.064
                0.96                0.06
                0.98               0.063
                   1               0.067
                1.02               0.071
                1.04               0.067
                1.06               0.063
                1.08               0.061
                 1.1                0.06
                1.12               0.061
                1.14               0.063
                1.16               0.064
                1.18               0.061
                 1.2               0.061
                1.22               0.063
                1.24               0.061
                1.26                0.06
                1.28               0.058
                 1.3               0.055
                1.32               0.054
                1.34               0.052
                1.36               0.058
                1.38               0.059
                 1.4               0.058
                1.42               0.056
                1.44                0.06
                1.46               0.062
                1.48               0.064
                 1.5               0.067
                1.52               0.066
                1.54               0.068
                1.56               0.069
                1.58               0.065
                 1.6               0.065
                1.62               0.069
                1.64               0.072
                1.66                0.07
                1.68               0.071
                 1.7               0.073
                1.72               0.075
                1.74               0.072
                1.76               0.075
                1.78               0.074
                 1.8               0.081
                1.82                0.08
                1.84                0.08
                1.86               0.081
                1.88               0.081
                 1.9                0.08
                1.92               0.079
                1.94                0.08
                1.96               0.087
                1.98               0.088
