                0.02               0.072
                0.04                0.09
                0.06               0.069
                0.08               0.062
                 0.1               0.061
                0.12               0.065
                0.14               0.063
                0.16               0.051
                0.18               0.069
                 0.2               0.051
                0.22               0.061
                0.24               0.055
                0.26               0.054
                0.28               0.047
                 0.3               0.066
                0.32               0.059
                0.34               0.061
                0.36               0.061
                0.38               0.061
                 0.4                0.07
                0.42               0.055
                0.44               0.051
                0.46               0.065
                0.48               0.052
                 0.5               0.045
                0.52               0.057
                0.54               0.059
                0.56               0.044
                0.58               0.046
                 0.6               0.039
                0.62               0.043
                0.64               0.048
                0.66               0.066
                0.68               0.057
                 0.7                0.05
                0.72               0.047
                0.74                0.05
                0.76               0.062
                0.78               0.056
                 0.8               0.066
                0.82               0.057
                0.84               0.054
                0.86               0.046
                0.88               0.053
                 0.9               0.061
                0.92                0.07
                0.94               0.074
                0.96               0.065
                0.98               0.055
                   1               0.054
                1.02               0.054
                1.04               0.056
                1.06                0.05
                1.08               0.055
                 1.1               0.046
                1.12               0.061
                1.14               0.053
                1.16               0.065
                1.18               0.071
                 1.2               0.073
                1.22               0.079
                1.24               0.058
                1.26               0.058
                1.28               0.052
                 1.3               0.065
                1.32               0.062
                1.34               0.066
                1.36               0.049
                1.38               0.064
                 1.4                0.05
                1.42               0.046
                1.44               0.051
                1.46               0.052
                1.48               0.047
                 1.5               0.053
                1.52               0.058
                1.54               0.042
                1.56               0.053
                1.58               0.059
                 1.6                0.06
                1.62               0.067
                1.64               0.054
                1.66               0.055
                1.68               0.054
                 1.7               0.046
                1.72               0.047
                1.74               0.058
                1.76               0.057
                1.78               0.057
                 1.8               0.069
                1.82               0.066
                1.84               0.067
                1.86               0.073
                1.88               0.079
                 1.9               0.091
                1.92               0.099
                1.94               0.102
                1.96               0.094
                1.98               0.057
