                   0                   0
               0.002     0.0020654069236
               0.004     0.0041308033595
               0.006     0.0061961787025
               0.008     0.0082615221116
                0.01      0.010326822393
               0.012      0.012392067881
               0.014       0.01445724632
               0.016      0.016522344746
               0.018      0.018587349366
                0.02      0.020652245439
               0.022      0.022717017156
               0.024      0.024781647516
               0.026      0.026846118206
               0.028      0.028910409479
                0.03      0.030974500026
               0.032      0.033038366854
               0.034      0.035101985159
               0.036      0.037165328225
               0.038      0.039228367743
                0.04      0.041291074274
               0.042      0.043353417226
               0.044       0.04541536476
               0.046      0.047476883688
               0.048      0.049537939383
                0.05      0.051598495672
               0.052       0.05365851474
               0.054      0.055717957024
               0.056      0.057776781114
               0.058      0.059834943642
                0.06      0.061892399181
               0.062       0.06394910013
               0.064      0.066004996625
               0.066      0.068060036837
               0.068       0.07011416752
                0.07      0.072167334061
               0.072       0.07421948088
               0.074      0.076270551585
               0.076       0.07832048884
               0.078      0.080369234864
                0.08      0.082416732094
               0.082      0.084462923142
               0.084      0.086507750653
               0.086       0.08855115715
               0.088      0.090593084897
                0.09      0.092633475744
               0.092      0.094672270977
               0.094      0.096709411173
               0.096      0.098744836041
               0.098       0.10077848427
                 0.1       0.10281029338
               0.102       0.10484019955
               0.104       0.10686813748
               0.106       0.10889404021
               0.108       0.11091783896
                0.11       0.11293946298
               0.112       0.11495883938
               0.114       0.11697589296
               0.116       0.11899054665
               0.118       0.12100272261
                0.12       0.12301234251
               0.122       0.12501932735
               0.124       0.12702359807
               0.126       0.12902507736
               0.128       0.13102369027
                0.13       0.13301936391
               0.132       0.13501202729
               0.134       0.13700161107
               0.136       0.13898804735
               0.138       0.14097126941
                0.14       0.14295121156
               0.142       0.14492780899
               0.144       0.14690099918
               0.146       0.14887072315
               0.148       0.15083692546
                0.15       0.15279955412
               0.152       0.15475856042
               0.154       0.15671389885
               0.156       0.15866552698
               0.158       0.16061340532
                0.16       0.16255749723
               0.162        0.1644977688
               0.164        0.1664341887
               0.166       0.16836672811
               0.168       0.17029536056
                0.17       0.17222006185
               0.172       0.17414080989
               0.174       0.17605758462
               0.176       0.17797036785
               0.178       0.17987914318
                0.18       0.18178389596
               0.182       0.18368461391
               0.184       0.18558128759
               0.186       0.18747391021
               0.188       0.18936247752
                0.19       0.19124698759
               0.192       0.19312744063
               0.194       0.19500383889
               0.196       0.19687618636
               0.198       0.19874448873
                 0.2        0.2006087531
               0.202       0.20246898788
               0.204       0.20432520255
               0.206       0.20617740754
               0.208         0.208025614
                0.21       0.20986983364
               0.212       0.21171007855
               0.214         0.213546361
               0.216       0.21537869325
               0.218        0.2172070874
                0.22       0.21903155514
               0.222        0.2208521076
               0.224       0.22266875515
               0.226        0.2244815072
               0.228         0.226290372
                0.23       0.22809535644
               0.232       0.22989646632
               0.234       0.23169370729
               0.236       0.23348708518
               0.238       0.23527660595
                0.24       0.23706227553
               0.242        0.2388440997
               0.244       0.24062208392
               0.246       0.24239623322
               0.248       0.24416655202
                0.25       0.24593304401
               0.252       0.24769571199
               0.254       0.24945455773
               0.256       0.25120958178
               0.258       0.25296078335
                0.26       0.25470816017
               0.262       0.25645170872
               0.264       0.25819142548
               0.266       0.25992730721
               0.268        0.2616593509
                0.27       0.26338755463
               0.272       0.26511191815
               0.274       0.26683244277
               0.276       0.26854913117
               0.278       0.27026198718
                0.28       0.27197101566
               0.282       0.27367622228
               0.284       0.27537761334
               0.286       0.27707519559
               0.288       0.27876897604
                0.29       0.28045896178
               0.292       0.28214515977
               0.294        0.2838275767
               0.296       0.28550621941
               0.298       0.28718109575
                 0.3       0.28885221465
               0.302       0.29051958597
               0.304       0.29218322036
               0.306       0.29384312913
               0.308       0.29549932414
                0.31       0.29715181759
               0.312       0.29880062194
               0.314       0.30044574977
               0.316       0.30208721357
               0.318       0.30372502568
                0.32       0.30535919808
               0.322       0.30698974226
               0.324       0.30861666909
               0.326       0.31023998862
               0.328       0.31185970999
                0.33       0.31347584121
               0.332       0.31508838915
               0.334        0.3166973605
               0.336        0.3183027628
               0.338       0.31990460441
                0.34       0.32150289447
               0.342       0.32309764278
               0.344       0.32468885973
               0.346       0.32627655621
               0.348        0.3278607435
                0.35       0.32944143322
               0.352        0.3310186372
               0.354       0.33259236739
               0.356       0.33416263578
               0.358       0.33572945426
                0.36       0.33729283459
               0.362       0.33885278824
               0.364       0.34040932629
               0.366       0.34196245934
               0.368       0.34351219741
                0.37       0.34505854979
               0.372       0.34660152496
               0.374       0.34814113049
               0.376       0.34967737285
               0.378       0.35121025738
                0.38       0.35273978808
               0.382       0.35426596757
               0.384       0.35578879688
               0.386       0.35730827538
               0.388       0.35882440061
                0.39       0.36033716815
               0.392       0.36184657151
               0.394       0.36335260193
               0.396       0.36485524829
               0.398       0.36635449691
                 0.4       0.36785033152
               0.402       0.36934273401
               0.404       0.37083168562
               0.406         0.372317167
               0.408       0.37379915822
                0.41       0.37527763948
               0.412       0.37675259167
               0.414       0.37822399703
               0.416       0.37969183931
               0.418       0.38115610365
                0.42       0.38261677642
               0.422         0.384073845
               0.424       0.38552729812
               0.426       0.38697712629
               0.428       0.38842332167
                0.43       0.38986587781
               0.432       0.39130478947
               0.434       0.39274005231
               0.436       0.39417166271
               0.438       0.39559961762
                0.44       0.39702391529
               0.442       0.39844455584
               0.444       0.39986154106
               0.446       0.40127487429
               0.448       0.40268456019
                0.45       0.40409060457
               0.452       0.40549301418
               0.454       0.40689179658
               0.456       0.40828695987
               0.458       0.40967851256
                0.46       0.41106646337
               0.462       0.41245082098
               0.464       0.41383159393
               0.466       0.41520879104
               0.468       0.41658242243
                0.47       0.41795249963
               0.472       0.41931903549
               0.474       0.42068204401
               0.476       0.42204154057
               0.478        0.4233975425
                0.48       0.42475006901
               0.482       0.42609914102
               0.484         0.427444781
               0.486       0.42878701277
               0.488       0.43012586137
                0.49        0.4314613528
               0.492       0.43279351394
               0.494       0.43412237229
               0.496       0.43544795582
               0.498       0.43677029282
                 0.5       0.43808941169
               0.502       0.43940534123
               0.504       0.44071811157
               0.506        0.4420277546
               0.508       0.44333430386
                0.51       0.44463779445
               0.512       0.44593826287
               0.514       0.44723574695
               0.516        0.4485302857
               0.518       0.44982191919
                0.52       0.45111068847
               0.522       0.45239663539
               0.524       0.45367980251
               0.526       0.45496023298
               0.528       0.45623797042
                0.53       0.45751305877
               0.532       0.45878554219
               0.534       0.46005546491
               0.536       0.46132287113
               0.538       0.46258780487
                0.54       0.46385030983
               0.542        0.4651104293
               0.544       0.46636820597
               0.546       0.46762368184
               0.548       0.46887689805
                0.55       0.47012789478
               0.552       0.47137671106
               0.554       0.47262338467
               0.556       0.47386795199
               0.558       0.47511044783
                0.56        0.4763509053
               0.562       0.47758935567
               0.564       0.47882582819
               0.566       0.48006034996
               0.568       0.48129294579
                0.57       0.48252363797
               0.572       0.48375244621
               0.574       0.48497938741
               0.576       0.48620447549
               0.578       0.48742772128
                0.58       0.48864913229
               0.582       0.48986871257
               0.584       0.49108646254
               0.586       0.49230237879
               0.588       0.49351645408
                0.59       0.49472867751
               0.592       0.49593903633
               0.594       0.49714751776
               0.596       0.49835410918
               0.598       0.49955879791
                 0.6       0.50076157114
               0.602       0.50196241577
               0.604       0.50316131825
               0.606        0.5043582645
               0.608       0.50555323971
                0.61       0.50674622826
               0.612       0.50793721352
               0.614       0.50912617774
               0.616       0.51031310193
               0.618       0.51149796648
                0.62       0.51268075294
               0.622       0.51386144475
               0.624       0.51504002713
               0.626       0.51621648698
               0.628       0.51739081273
                0.63       0.51856299424
               0.632       0.51973302267
               0.634       0.52090089037
               0.636       0.52206659073
               0.638        0.5232301181
                0.64       0.52439146762
               0.642       0.52555063513
               0.644       0.52670761706
               0.646       0.52786241026
               0.648       0.52901501191
                0.65       0.53016541939
               0.652       0.53131363016
               0.654       0.53245964161
               0.656       0.53360345103
               0.658        0.5347450562
                0.66       0.53588445611
               0.662       0.53702165096
               0.664       0.53815664205
               0.666       0.53928943175
               0.668       0.54042002339
                0.67       0.54154842123
               0.672       0.54267463033
               0.674       0.54379865651
               0.676       0.54492050629
               0.678       0.54604018678
                0.68       0.54715770559
               0.682       0.54827307082
               0.684       0.54938629092
               0.686       0.55049737463
               0.688       0.55160633092
                0.69       0.55271316888
               0.692       0.55381789766
               0.694       0.55492052638
               0.696        0.5560210641
               0.698       0.55711952026
                 0.7        0.5582159051
               0.702       0.55931022969
               0.704       0.56040250607
               0.706       0.56149274779
               0.708       0.56258097016
                0.71       0.56366719014
               0.712       0.56475142624
               0.714       0.56583369847
               0.716       0.56691402821
               0.718       0.56799243817
                0.72       0.56906895224
               0.722       0.57014359547
               0.724       0.57121639392
               0.726        0.5722873746
               0.728       0.57335656539
                0.73       0.57442399491
               0.732       0.57548969247
               0.734       0.57655368793
               0.736       0.57761601167
               0.738       0.57867669444
                0.74       0.57973576727
               0.742        0.5807932614
               0.744       0.58184920817
               0.746        0.5829036389
               0.748       0.58395658485
                0.75       0.58500807703
               0.752       0.58605814617
               0.754       0.58710682258
               0.756       0.58815413608
               0.758       0.58920011585
                0.76       0.59024479034
               0.762       0.59128818717
               0.764       0.59233033302
               0.766        0.5933712535
               0.768       0.59441097305
                0.77       0.59544951481
               0.772       0.59648690054
               0.774       0.59752315045
               0.776       0.59855828311
               0.778       0.59959231533
                0.78       0.60062526203
               0.782       0.60165713609
               0.784       0.60268794826
               0.786       0.60371770701
               0.788       0.60474641839
                0.79       0.60577408592
               0.792       0.60680071044
               0.794       0.60782629032
               0.796        0.6088508221
               0.798       0.60987430054
                 0.8       0.61089671933
               0.802       0.61191807317
               0.804       0.61293835946
               0.806       0.61395757822
               0.808        0.6149757319
                0.81       0.61599282517
               0.812       0.61700886473
               0.814       0.61802385908
               0.816       0.61903781836
               0.818       0.62005075411
                0.82       0.62106267909
               0.822       0.62207360706
               0.824       0.62308355262
               0.826       0.62409253093
               0.828       0.62510055761
                0.83       0.62610764843
               0.832        0.6271138192
               0.834        0.6281190855
               0.836       0.62912346252
               0.838       0.63012696482
                0.84       0.63112960615
               0.842       0.63213139925
               0.844        0.6331323556
               0.846       0.63413248528
               0.848       0.63513179671
                0.85       0.63613029646
               0.852       0.63712798952
               0.854       0.63812488119
               0.856       0.63912097785
               0.858       0.64011628692
                0.86       0.64111081675
               0.862       0.64210457651
               0.864       0.64309757614
               0.866       0.64408982621
               0.868       0.64508133785
                0.87       0.64607212266
               0.872       0.64706219261
               0.874       0.64805155994
               0.876       0.64904023708
               0.878       0.65002823657
                0.88       0.65101557093
               0.882       0.65200225259
               0.884       0.65298829383
               0.886       0.65397370662
               0.888       0.65495850258
                0.89       0.65594269288
               0.892       0.65692628816
               0.894       0.65790929854
               0.896       0.65889173356
               0.898       0.65987360209
                 0.9       0.66085491222
               0.902       0.66183567114
               0.904       0.66281588509
               0.906       0.66379555924
               0.908       0.66477469763
                0.91       0.66575330382
               0.912       0.66673138158
               0.914       0.66770893495
               0.916       0.66868596825
               0.918       0.66966248597
                0.92       0.67063849272
               0.922       0.67161399321
               0.924       0.67258899216
               0.926       0.67356349424
               0.928       0.67453750405
                0.93       0.67551102602
               0.932       0.67648406439
               0.934       0.67745662313
               0.936       0.67842870589
               0.938       0.67940031594
                0.94       0.68037145612
               0.942       0.68134212878
               0.944       0.68231233571
               0.946       0.68328207811
               0.948       0.68425135648
                0.95       0.68522017061
               0.952       0.68618851952
               0.954       0.68715640133
               0.956       0.68812381331
               0.958        0.6890907517
                0.96       0.69005721174
               0.962       0.69102318756
               0.964       0.69198867211
               0.966       0.69295365715
               0.968        0.6939181331
                0.97       0.69488208904
               0.972       0.69584551261
               0.974       0.69680838996
               0.976       0.69777070566
               0.978       0.69873244278
                0.98       0.69969358307
               0.982       0.70065410751
               0.984       0.70161399665
               0.986       0.70257323061
               0.988       0.70353178889
                0.99       0.70448965059
               0.992       0.70544679572
               0.994       0.70640320581
               0.996       0.70735886385
               0.998       0.70831375423
                   1       0.70926786274
               1.002       0.71022117648
               1.004       0.71117368383
               1.006        0.7121253744
               1.008       0.71307623899
                1.01       0.71402626956
               1.012       0.71497545917
               1.014       0.71592380193
               1.016       0.71687129295
               1.018       0.71781792829
                1.02       0.71876370493
               1.022       0.71970862072
               1.024       0.72065267428
               1.026       0.72159586502
               1.028       0.72253819307
                1.03        0.7234796592
               1.032        0.7244202648
               1.034       0.72536001183
               1.036       0.72629890276
               1.038       0.72723694051
                1.04       0.72817412843
               1.042       0.72911047019
               1.044       0.73004596982
               1.046       0.73098063156
               1.048       0.73191445985
                1.05        0.7328474593
               1.052       0.73377963459
               1.054       0.73471099044
               1.056       0.73564153154
               1.058       0.73657126264
                1.06       0.73750018907
               1.062       0.73842831685
               1.064       0.73935565264
               1.066       0.74028220364
               1.068       0.74120797751
                1.07       0.74213298224
               1.072       0.74305722609
               1.074       0.74398071749
               1.076       0.74490346493
               1.078       0.74582547689
                1.08       0.74674676192
               1.082       0.74766732937
               1.084       0.74858718977
               1.086       0.74950635463
               1.088       0.75042483634
                1.09       0.75134264797
               1.092       0.75225980317
               1.094       0.75317631599
               1.096       0.75409220073
               1.098       0.75500747182
                 1.1       0.75592214362
               1.102        0.7568362303
               1.104       0.75774974568
               1.106       0.75866270308
               1.108       0.75957511517
                1.11       0.76048699385
               1.112       0.76139835043
               1.114       0.76230919551
               1.116       0.76321953884
               1.118       0.76412938909
                1.12       0.76503875376
               1.122       0.76594763894
               1.124       0.76685604917
               1.126       0.76776398723
               1.128       0.76867145399
                1.13       0.76957844824
               1.132       0.77048496647
               1.134       0.77139100273
               1.136       0.77229654846
               1.138       0.77320159307
                1.14       0.77410612457
               1.142       0.77501013014
               1.144       0.77591359655
               1.146       0.77681651009
               1.148       0.77771885649
                1.15       0.77862062084
               1.152       0.77952178789
               1.154       0.78042234274
               1.156       0.78132227089
               1.158       0.78222155821
                1.16       0.78312019087
               1.162       0.78401815533
               1.164       0.78491543824
               1.166       0.78581202642
               1.168       0.78670790678
                1.17       0.78760306633
               1.172       0.78849749205
               1.174       0.78939117091
               1.176       0.79028408977
               1.178       0.79117623537
                1.18       0.79206759426
               1.182       0.79295815302
               1.184        0.7938478983
               1.186       0.79473681673
               1.188       0.79562489495
                1.19       0.79651211943
               1.192        0.7973984765
               1.194       0.79828395224
               1.196       0.79916853242
               1.198       0.80005220245
                 1.2       0.80093494728
               1.202       0.80181675138
               1.204       0.80269759897
               1.206       0.80357747463
               1.208       0.80445636354
                1.21        0.8053342514
               1.212       0.80621112443
               1.214       0.80708696935
               1.216       0.80796177331
               1.218       0.80883552391
                1.22       0.80970820916
               1.222       0.81057981744
               1.224       0.81145033746
               1.226        0.8123197583
               1.228        0.8131880693
                1.23       0.81405526007
               1.232       0.81492132047
               1.234       0.81578624055
               1.236       0.81665001057
               1.238        0.8175126209
                1.24       0.81837406206
               1.242       0.81923432466
               1.244       0.82009339935
               1.246        0.8209512768
               1.248       0.82180794771
                1.25        0.8226634027
               1.252       0.82351763234
               1.254       0.82437062708
               1.256       0.82522237724
               1.258       0.82607287294
                1.26       0.82692210412
               1.262       0.82777006042
               1.264       0.82861673123
               1.266       0.82946210558
               1.268       0.83030617215
                1.27       0.83114891918
               1.272        0.8319903345
               1.274       0.83283040539
               1.276       0.83366911862
               1.278       0.83450646037
                1.28       0.83534241617
               1.282       0.83617697089
               1.284       0.83701010865
               1.286        0.8378418128
               1.288       0.83867206586
                1.29       0.83950084944
               1.292       0.84032814425
               1.294       0.84115392997
               1.296       0.84197818525
               1.298       0.84280088763
                 1.3       0.84362201348
               1.302       0.84444153791
               1.304       0.84525943479
               1.306       0.84607567659
               1.308       0.84689023438
                1.31       0.84770307772
               1.312       0.84851417463
               1.314       0.84932349149
               1.316       0.85013099314
               1.318       0.85093664305
                1.32         0.851740404
               1.322        0.8525422385
               1.324       0.85334210873
               1.326       0.85413997652
               1.328       0.85493580333
                1.33       0.85572955022
               1.332        0.8565211778
               1.334       0.85731064621
               1.336       0.85809791511
               1.338       0.85888294358
                1.34       0.85966569016
               1.342       0.86044611277
               1.344       0.86122416898
               1.346        0.8619998169
               1.348       0.86277301597
                1.35       0.86354372721
               1.352        0.8643119133
               1.354       0.86507753856
               1.356       0.86584056895
               1.358       0.86660097199
                1.36       0.86735871678
               1.362       0.86811377417
               1.364       0.86886611707
               1.366       0.86961572043
               1.368       0.87036256119
                1.37       0.87110661822
               1.372       0.87184787224
               1.374       0.87258630581
               1.376       0.87332190324
               1.378       0.87405465054
                1.38       0.87478453541
               1.382       0.87551154718
               1.384       0.87623567674
               1.386       0.87695691648
               1.388       0.87767526025
                1.39       0.87839070325
               1.392       0.87910324203
               1.394       0.87981287434
               1.396       0.88051959915
               1.398       0.88122341654
                 1.4       0.88192432762
               1.402       0.88262233449
               1.404       0.88331744015
               1.406       0.88400964846
               1.408       0.88469896401
                1.41       0.88538539212
               1.412       0.88606893872
               1.414       0.88674961027
               1.416       0.88742741372
               1.418       0.88810235642
                1.42       0.88877444601
               1.422       0.88944369039
               1.424       0.89011009762
               1.426       0.89077367581
               1.428        0.8914344331
                1.43       0.89209237751
               1.432       0.89274751702
               1.434       0.89339986016
               1.436       0.89404941624
               1.438       0.89469619536
                1.44       0.89534020832
               1.442       0.89598146658
               1.444       0.89661998221
               1.446       0.89725576786
               1.448       0.89788883676
                1.45       0.89851920282
               1.452       0.89914688056
               1.454       0.89977188503
               1.456       0.90039423179
               1.458       0.90101393677
                1.46       0.90163101624
               1.462       0.90224548676
               1.464       0.90285736504
               1.466       0.90346666793
               1.468        0.9040734124
                1.47       0.90467761586
               1.472       0.90527929624
               1.474       0.90587847193
               1.476       0.90647516162
               1.478       0.90706938428
                1.48       0.90766115898
               1.482       0.90825050482
               1.484       0.90883744082
               1.486       0.90942198581
               1.488       0.91000415831
                1.49       0.91058397645
               1.492       0.91116145782
               1.494        0.9117366194
               1.496       0.91230947738
               1.498       0.91288004714
                 1.5       0.91344834304
               1.502       0.91401437836
               1.504       0.91457816515
               1.506       0.91513971415
               1.508        0.9156990346
                1.51        0.9162561342
               1.512       0.91681101889
               1.514       0.91736369281
               1.516       0.91791415812
               1.518       0.91846241488
                1.52       0.91900846094
               1.522       0.91955229177
               1.524       0.92009390034
               1.526         0.920633277
               1.528       0.92117040943
                1.53       0.92170528419
               1.532       0.92223788864
               1.534       0.92276821117
               1.536       0.92329624121
               1.538       0.92382196919
                1.54       0.92434538654
               1.542       0.92486648568
               1.544       0.92538526002
               1.546       0.92590170392
               1.548        0.9264158127
                1.55       0.92692758262
               1.552       0.92743701089
               1.554       0.92794409562
               1.556       0.92844883582
               1.558       0.92895123141
                1.56       0.92945128318
               1.562       0.92994899278
               1.564       0.93044436273
               1.566       0.93093739636
               1.568       0.93142809785
                1.57       0.93191647217
               1.572       0.93240252508
               1.574       0.93288626313
               1.576       0.93336769362
               1.578       0.93384682458
                1.58       0.93432366481
               1.582       0.93479822392
               1.584       0.93527051235
               1.586       0.93574054137
               1.588         0.936208323
                1.59       0.93667387005
               1.592       0.93713719604
               1.594       0.93759831522
               1.596        0.9380572425
               1.598       0.93851399346
                 1.6       0.93896858428
               1.602       0.93942103175
               1.604       0.93987135323
               1.606        0.9403195666
               1.608       0.94076569025
                1.61       0.94120974305
               1.612       0.94165174429
               1.614       0.94209171369
               1.616       0.94252967132
               1.618       0.94296563759
                1.62       0.94339963324
               1.622       0.94383167939
               1.624       0.94426179754
               1.626       0.94469000956
               1.628       0.94511633767
                1.63       0.94554080434
               1.632       0.94596343231
               1.634       0.94638424456
               1.636       0.94680326424
               1.638       0.94722051463
                1.64        0.9476360192
               1.642       0.94804980168
               1.644       0.94846188599
               1.646       0.94887229622
               1.648        0.9492810566
                1.65       0.94968819147
               1.652       0.95009372523
               1.654       0.95049768228
               1.656       0.95090008702
               1.658       0.95130096376
                1.66       0.95170033673
               1.662       0.95209822997
               1.664       0.95249466736
               1.666       0.95288967249
               1.668        0.9532832687
                1.67       0.95367547894
               1.672        0.9540663258
               1.674        0.9544558314
               1.676       0.95484401736
               1.678       0.95523090476
                1.68       0.95561651406
               1.682       0.95600086504
               1.684       0.95638397676
               1.686       0.95676586751
               1.688       0.95714655471
                1.69       0.95752605489
               1.692       0.95790438358
               1.694       0.95828155529
               1.696       0.95865758343
               1.698       0.95903248026
                 1.7       0.95940625694
               1.702       0.95977892347
               1.704       0.96015048858
               1.706       0.96052095979
               1.708        0.9608903436
                1.71         0.961258646
               1.712       0.96162587299
               1.714       0.96199203063
               1.716       0.96235712501
               1.718       0.96272116221
                1.72       0.96308414828
               1.722       0.96344608918
               1.724       0.96380699077
               1.726       0.96416685876
               1.728       0.96452569867
                1.73       0.96488351581
               1.732       0.96524031523
               1.734       0.96559610166
               1.736       0.96595087952
               1.738       0.96630465286
                1.74       0.96665742532
               1.742       0.96700920009
               1.744       0.96735997985
               1.746       0.96770976674
               1.748       0.96805856232
                1.75       0.96840636749
               1.752       0.96875318247
               1.754       0.96909900673
               1.756       0.96944383898
               1.758       0.96978767705
                1.76        0.9701305179
               1.762        0.9704723575
               1.764       0.97081319086
               1.766       0.97115301188
               1.768       0.97149181336
                1.77       0.97182958691
               1.772       0.97216632289
               1.774       0.97250201034
               1.776       0.97283663695
               1.778       0.97317018896
                1.78       0.97350265111
               1.782       0.97383400656
               1.784       0.97416423683
               1.786       0.97449332184
               1.788       0.97482124039
                1.79        0.9751479704
               1.792       0.97547348891
               1.794       0.97579777203
               1.796       0.97612079487
               1.798       0.97644253151
                 1.8       0.97676295496
               1.802       0.97708203713
               1.804       0.97739974872
               1.806       0.97771605925
               1.808       0.97803093708
                1.81        0.9783443505
               1.812        0.9786562686
               1.814       0.97896666134
               1.816       0.97927549952
               1.818       0.97958275474
                1.82       0.97988839943
               1.822       0.98019240675
               1.824       0.98049475062
               1.826       0.98079540568
               1.828       0.98109434725
                1.83       0.98139155135
               1.832       0.98168699477
               1.834       0.98198065516
               1.836       0.98227251099
               1.838       0.98256254156
                1.84       0.98285072725
               1.842       0.98313704965
               1.844       0.98342149147
               1.846       0.98370403663
               1.848       0.98398467011
                1.85       0.98426337807
               1.852        0.9845401477
               1.854       0.98481496729
               1.856       0.98508782617
               1.858       0.98535871472
                1.86       0.98562762429
               1.862       0.98589454727
               1.864       0.98615947698
               1.866        0.9864224077
               1.868       0.98668333466
                1.87       0.98694225397
               1.872       0.98719916264
               1.874       0.98745405856
               1.876       0.98770694044
               1.878       0.98795780785
                1.88       0.98820666115
               1.882       0.98845350146
               1.884       0.98869833071
               1.886       0.98894115152
               1.888       0.98918196727
                1.89         0.989420782
               1.892       0.98965760047
               1.894       0.98989242804
               1.896       0.99012527074
               1.898       0.99035613518
                 1.9       0.99058502858
               1.902       0.99081195874
               1.904       0.99103693407
               1.906       0.99125996353
               1.908       0.99148105662
                1.91       0.99170022357
               1.912        0.9919174755
               1.914       0.99213282435
               1.916       0.99234628303
               1.918       0.99255786568
                1.92       0.99276758784
               1.922       0.99297546649
               1.924       0.99318151993
               1.926       0.99338576779
               1.928       0.99358823103
                1.93       0.99378893199
               1.932       0.99398789448
               1.934       0.99418514377
               1.936       0.99438070706
               1.938       0.99457461365
                1.94       0.99476689489
               1.942        0.9949575841
               1.944       0.99514671649
               1.946       0.99533432913
               1.948       0.99552046083
                1.95       0.99570515214
               1.952       0.99588844521
               1.954       0.99607038379
               1.956       0.99625101311
               1.958       0.99643037986
                1.96       0.99660853209
               1.962       0.99678551918
               1.964       0.99696139174
               1.966       0.99713620155
               1.968       0.99731000154
                1.97       0.99748284567
               1.972       0.99765478891
               1.974       0.99782588714
               1.976        0.9979961971
               1.978       0.99816577637
                1.98       0.99833468324
               1.982       0.99850297668
               1.984       0.99867071627
               1.986       0.99883796218
               1.988       0.99900477502
                1.99       0.99917121588
               1.992       0.99933734618
               1.994       0.99950322767
               1.996       0.99966892233
               1.998       0.99983449234
                   2                   1
