                0.02     -0.011697399906      0.033757145548
                0.04      0.014711297964      0.096343951025
                0.06      0.012710211572       0.10170392226
                0.08      0.047402626121       0.14264781175
                 0.1      0.084985189983       0.18767596148
                0.12      0.080823055556       0.19008755343
                0.14       0.12043837172       0.23572904099
                0.16       0.12616899792       0.24568119304
                0.18       0.12837589808        0.2487057149
                 0.2       0.11842808825       0.24365494851
                0.22       0.12001067301       0.24064016813
                0.24       0.18852370198       0.31776945623
                0.26       0.23631901837       0.36702790347
                0.28       0.23002166541        0.3589754367
                 0.3       0.26313693213         0.393500409
                0.32       0.26319531678       0.39429366308
                0.34       0.28788795637       0.41891350091
                0.36       0.28300166762       0.41576348411
                0.38       0.28695589729       0.41938483786
                 0.4       0.29253135978       0.42167278559
                0.42        0.2889982155       0.41682733659
                0.44       0.33369727836       0.45941566916
                0.46       0.33343567496       0.45974751903
                0.48       0.34038708642       0.46883682095
                 0.5       0.40863415542       0.53549982706
                0.52       0.40175282683       0.52993847097
                0.54       0.40506946676       0.53386732864
                0.56       0.43790812663       0.56181364792
                0.58       0.42944738715       0.55773870367
                 0.6        0.4345021307       0.55696731239
                0.62       0.43724307156       0.55844239589
                0.64        0.4809357563        0.6061358145
                0.66       0.48668283155       0.60989910089
                0.68       0.48547513952         0.610813957
                 0.7       0.48671298371       0.60747569558
                0.72       0.48764420907       0.60867892656
                0.74       0.49078833374       0.61466439453
                0.76       0.48926195412       0.61499118891
                0.78       0.54868940498         0.670528024
                 0.8       0.57496528743       0.69458617874
                0.82       0.57822761977       0.69691808703
                0.84       0.60657489512       0.72023437068
                0.86       0.60836789254       0.72256114266
                0.88        0.6056417899       0.72136634312
                 0.9       0.60367965142       0.71689645123
                0.92       0.60354162851       0.71906946815
                0.94       0.60402134172       0.71440430302
                0.96       0.64181682489       0.75112345159
                0.98       0.67313562226       0.77869117782
                   1       0.66777389501       0.77848317452
                1.02       0.66803533714       0.77429443466
                1.04       0.66730657087       0.77393761289
                1.06       0.66609944425       0.77188795922
                1.08       0.69699439933       0.79812332628
                 1.1       0.69675894589       0.80088163611
                1.12       0.69413423181       0.79632975791
                1.14       0.70030155118       0.80011836057
                1.16       0.70028509067       0.79848991747
                1.18       0.78158992964       0.87847066359
                 1.2       0.78408444251       0.87995067778
                1.22       0.78410121501       0.87999716487
                1.24       0.78367118221       0.87533505901
                1.26       0.78758324702       0.87414864241
                1.28       0.79279413599       0.88247472567
                 1.3       0.79619862426       0.87879506076
                1.32       0.79348526652       0.87835544805
                1.34       0.80057223924       0.88589919298
                1.36       0.83281914476        0.9145989251
                1.38       0.83220770817       0.91333300441
                 1.4       0.83590179236       0.91376485419
                1.42       0.85389905525       0.92644455763
                1.44       0.85661717264       0.92852836955
                1.46       0.88869265282       0.96014169036
                1.48       0.89716201845       0.96365138015
                 1.5       0.89977140207       0.96497688153
                1.52       0.89720147602       0.96109837581
                1.54       0.90025394774       0.96073295705
                1.56        0.9109805571       0.97095221326
                1.58       0.91258079863       0.97030201742
                 1.6       0.91320274162       0.97028036719
                1.62       0.91307136752       0.96530608932
                1.64       0.91224167457       0.96243003281
                1.66       0.91485058734        0.9631049226
                1.68       0.91787734541        0.9647229198
                 1.7       0.91865888079       0.96333587486
                1.72       0.94131196784       0.98405124176
                1.74       0.95666654107       0.99755765965
                1.76       0.95828334922       0.99769952577
                1.78       0.95950182865       0.99711839854
                 1.8       0.95831535973       0.99264214054
                1.82       0.96484537811       0.99798963978
                1.84       0.97755433911        1.0098124036
                1.86       0.98061391752        1.0100256822
                1.88       0.98270841421        1.0068463452
                 1.9       0.98472479306        1.0049950633
                1.92       0.98670940066         1.004100705
                1.94       0.98885348064        1.0031052621
                1.96       0.99408212361        1.0034454195
                1.98       0.99690921885        1.0019343445
