                   0                   0
                0.02     -0.013104900109
                0.04    -0.0042054191241
                0.06    -0.0056307321225
                0.08    -0.0032875364999
                 0.1    -0.0037711407334
                0.12    -0.0030488082864
                0.14    -0.0019565733943
                0.16    -0.0053459180341
                0.18    -0.0043514144293
                 0.2    -0.0031994521117
                0.22    -0.0027712325668
                0.24     -0.003924314435
                0.26    -0.0035671130824
                0.28   -0.00012184716026
                 0.3    -0.0017354340193
                0.32     -0.002453470493
                0.34    -0.0032929593811
                0.36   -0.00053537902435
                0.38    -0.0018631680315
                 0.4     -0.003838215997
                0.42   -0.00054364942047
                0.44      0.000671309191
                0.46   -0.00011074622885
                0.48    -0.0040121946194
                 0.5    -0.0020132752014
                0.52     0.0014058136931
                0.54   -0.00092689105809
                0.56   -0.00068765611006
                0.58     0.0023390000467
                 0.6     0.0024296532096
                0.62     0.0011133570533
                0.64     0.0028816782134
                0.66    0.00095131673785
                0.68    0.00062583254502
                 0.7    0.00088347599464
                0.72    0.00079877888071
                0.74   -0.00034091634147
                0.76    0.00021701178855
                0.78     0.0010570411419
                 0.8    0.00094736629471
                0.82   -4.2881788896e-05
                0.84   -0.00062843915118
                0.86    -0.0016884211464
                0.88   -0.00098264032908
                 0.9    0.00041742754896
                0.92   -0.00018885006998
                0.94    0.00022229484819
                0.96    -0.0011915531348
                0.98   -0.00022775347314
                   1    0.00034043735538
                1.02     0.0010168893193
                1.04     0.0014731476144
                1.06     0.0017761558472
                1.08    0.00044201775781
                 1.1   -0.00010005473839
                1.12    0.00066978016743
                1.14    -0.0013372705767
                1.16   -9.4645688965e-05
                1.18    0.00043717878635
                 1.2   -0.00035155311599
                1.22   -0.00089282182347
                1.24    0.00058472412202
                1.26     0.0017930695477
                1.28     0.0012485534849
                 1.3    0.00095773710649
                1.32     0.0013943952253
                1.34     0.0017385251518
                1.36   -0.00075043496859
                1.38    0.00070376733541
                 1.4   -0.00017268701784
                1.42     0.0012909273374
                1.44    0.00057807253162
                1.46    0.00069190341455
                1.48     0.0015940484919
                 1.5      0.001055731173
                1.52      0.002336460058
                1.54     0.0017685466592
                1.56    0.00095426450721
                1.58      0.001107998184
                 1.6    0.00071322661988
                1.62     0.0017983051165
                1.64     0.0017361789035
                1.66     0.0015505580108
                1.68     0.0010388473293
                 1.7    0.00096037989518
                1.72     0.0014018100722
                1.74     0.0012170998966
                1.76    0.00074780293134
                1.78    0.00063684561614
                 1.8     0.0017444188882
                1.82     0.0015642023217
                1.84     0.0020809540613
                1.86     0.0017982726891
                1.88     0.0022828128582
                 1.9     0.0026448014343
                1.92     0.0028427531045
                1.94     0.0026979801662
                1.96     0.0025264084802
                1.98     0.0014254643879
