                   0                   0
       0.03413491915      0.050847457627
       0.07163263724      0.089552238806
       0.09846355463       0.13333333333
        0.1334842441       0.14285714286
         0.135377662       0.17777777778
         0.224193093       0.24561403509
        0.2513884713       0.29126213592
        0.2899288812       0.32584269663
        0.3298771721       0.34901960784
        0.4265716773               0.375
         0.431679023        0.3963963964
         0.485163597       0.46853146853
        0.5418660751                 0.5
        0.6231788367       0.55014326648
        0.7699771695       0.58333333333
        0.7737364961       0.60869565217
        0.7844097257       0.63551401869
        0.8367079374       0.66071428571
         0.947966719       0.66666666667
        0.9513292756       0.69333333333
         0.978450909       0.72321428571
         1.065293401       0.74666666667
         1.162064478       0.82995951417
         1.253182644       0.83333333333
         1.272102864       0.83707865169
         1.338793557       0.84615384615
         1.342083799       0.87037037037
         1.366345702       0.87074829932
         1.419341905       0.89090909091
         1.441489494       0.92307692308
         1.471219603       0.93258426966
         1.541706867       0.94070080863
          1.70452321       0.95833333333
         1.710603446       0.96296296296
         1.722434097       0.97619047619
          1.73913667       0.97727272727
         1.808216514       0.98245614035
         1.829476126       0.99678456592
         1.941234955                   1
                   2                   1
