                0.02                   0              0.1073
                0.04                   0              0.1948
                0.06              0.0468              0.2768
                0.08              0.0752              0.2768
                 0.1               0.094              0.2768
                0.12               0.094              0.2768
                0.14              0.0962              0.2784
                0.16              0.0971               0.292
                0.18              0.0974              0.3391
                 0.2              0.0974              0.3455
                0.22              0.0974              0.4167
                0.24              0.0974               0.433
                0.26              0.1362               0.433
                0.28       0.17798947368       0.45288947368
                 0.3       0.19298947368       0.45288947368
                0.32       0.19298947368       0.45288947368
                0.34       0.19298947368       0.48318947368
                0.36              0.2355               0.486
                0.38              0.2356              0.4879
                 0.4              0.2499              0.4944
                0.42              0.2499              0.5049
                0.44              0.2603              0.5124
                0.46       0.27796470588       0.51836470588
                0.48       0.28866470588       0.52406470588
                 0.5       0.29036470588       0.52406470588
                0.52       0.30336666667       0.54206666667
                0.54       0.31276666667       0.54206666667
                0.56       0.32036666667       0.54206666667
                0.58       0.32036666667       0.54206666667
                 0.6       0.32036666667       0.55596666667
                0.62       0.32506666667       0.63596666667
                0.64       0.32506666667       0.63736666667
                0.66       0.35126666667       0.76046666667
                0.68       0.42286666667       0.76046666667
                 0.7       0.44956666667       0.76046666667
                0.72       0.45056666667       0.76996666667
                0.74       0.50386666667       0.76996666667
                0.76       0.56648888889       0.77898888889
                0.78       0.58368888889       0.77898888889
                 0.8       0.59198888889       0.77898888889
                0.82       0.59198888889       0.77898888889
                0.84       0.59198888889       0.77898888889
                0.86       0.59198888889       0.77898888889
                0.88       0.59198888889       0.79348888889
                 0.9       0.59258888889       0.79348888889
                0.92       0.59258888889       0.79858888889
                0.94       0.60002222222       0.83232222222
                0.96       0.61332222222       0.83232222222
                0.98       0.61342222222       0.83262222222
                   1       0.61342222222       0.84962222222
                1.02              0.6601              0.8592
                1.04              0.6692              0.8592
                1.06               0.683              0.8592
                1.08              0.6833              0.8592
                 1.1              0.6833              0.8592
                1.12              0.6833              0.8592
                1.14              0.6833              0.8592
                1.16              0.6833              0.8644
                1.18              0.6833              0.8724
                 1.2              0.6866              0.9149
                1.22       0.72315294118       0.92675294118
                1.24       0.73235294118       0.92675294118
                1.26       0.74605294118       0.93025294118
                1.28       0.76157594937       0.93027594937
                 1.3       0.76857594937       0.93027594937
                1.32       0.78037594937       0.93027594937
                1.34       0.78877594937       0.93027594937
                1.36       0.79867594937       0.93377594937
                1.38       0.81217594937       0.93377594937
                 1.4       0.81287594937       0.93377594937
                1.42       0.81287594937       0.93377594937
                1.44       0.81457594937       0.93747594937
                1.46       0.81457594937       0.94207594937
                1.48       0.82407594937       0.94207594937
                 1.5       0.82417594937       0.94207594937
                1.52       0.82497594937       0.94387594937
                1.54       0.82497594937       0.94387594937
                1.56       0.82837594937       0.94967594937
                1.58       0.83047594937       0.94967594937
                 1.6       0.83047594937       0.94967594937
                1.62              0.8343              0.9624
                1.64              0.8391              0.9624
                1.66              0.8391              0.9665
                1.68              0.8393              0.9665
                 1.7       0.84572592593       0.97912592593
                1.72       0.85552592593       0.97912592593
                1.74       0.85662592593       0.97912592593
                1.76       0.85662592593       0.98452592593
                1.78       0.85662592593       0.99992592593
                 1.8              0.8903                   1
                1.82              0.9122                   1
                1.84              0.9315                   1
                1.86              0.9354                   1
                1.88              0.9497                   1
                 1.9              0.9573                   1
                1.92              0.9671                   1
                1.94              0.9705                   1
                1.96              0.9756                   1
                1.98              0.9775                   1
