                   0                   0
      0.059842286784               0.175
       0.24228582734                 0.3
       0.27346888626       0.31578947368
       0.34178654495               0.375
       0.43972025754                 0.4
        0.4553867375       0.41176470588
       0.51836700757       0.41666666667
       0.65395291355       0.66666666667
       0.74644169343       0.68888888889
       0.93572575196       0.72222222222
        1.0081398479                0.78
        1.2049397731       0.88235294118
        1.2637696861       0.88607594937
        1.6181291773                 0.9
        1.6915728735       0.92592592593
        1.7831875193                   1
                   2                   1
