                0.02               0.005
                0.04               0.067
                0.06               0.093
                0.08               0.105
                 0.1               0.099
                0.12               0.083
                0.14               0.078
                0.16               0.073
                0.18               0.055
                 0.2               0.053
                0.22                0.05
                0.24               0.062
                0.26               0.059
                0.28               0.066
                 0.3               0.057
                0.32               0.056
                0.34               0.052
                0.36               0.055
                0.38               0.057
                 0.4               0.052
                0.42               0.055
                0.44                0.06
                0.46               0.053
                0.48               0.058
                 0.5               0.062
                0.52               0.046
                0.54               0.046
                0.56               0.048
                0.58                0.05
                 0.6               0.053
                0.62                0.06
                0.64                0.06
                0.66               0.064
                0.68               0.065
                 0.7                0.07
                0.72               0.063
                0.74               0.058
                0.76               0.067
                0.78               0.056
                 0.8               0.055
                0.82               0.057
                0.84                0.05
                0.86               0.047
                0.88               0.049
                 0.9               0.053
                0.92               0.059
                0.94               0.063
                0.96                0.06
                0.98               0.048
                   1               0.049
                1.02               0.055
                1.04                0.05
                1.06               0.044
                1.08               0.047
                 1.1               0.045
                1.12               0.048
                1.14               0.055
                1.16               0.051
                1.18               0.056
                 1.2                0.06
                1.22               0.053
                1.24               0.061
                1.26               0.069
                1.28               0.068
                 1.3               0.065
                1.32               0.068
                1.34               0.062
                1.36               0.061
                1.38               0.057
                 1.4               0.055
                1.42                0.06
                1.44               0.062
                1.46               0.065
                1.48               0.064
                 1.5                0.06
                1.52               0.065
                1.54               0.065
                1.56               0.068
                1.58               0.074
                 1.6               0.083
                1.62               0.088
                1.64               0.089
                1.66               0.085
                1.68                0.08
                 1.7               0.078
                1.72               0.085
                1.74               0.086
                1.76               0.091
                1.78               0.086
                 1.8                0.09
                1.82               0.088
                1.84               0.082
                1.86               0.079
                1.88               0.064
                 1.9               0.046
                1.92               0.024
                1.94               0.008
                1.96               0.005
                1.98               0.001
