                0.02     0.0069861877683      0.029602530924
                0.04      0.015471054665      0.058667672135
                0.06      0.025946887288      0.087230354302
                0.08      0.038612676236       0.11518764349
                 0.1      0.055069707371       0.14074202538
                0.12      0.072214095871       0.16776166413
                0.14      0.092801837804         0.195496041
                0.16       0.11647329588       0.22464441786
                0.18       0.14136700612       0.25652210586
                 0.2        0.1668375023        0.2871264508
                0.22       0.19131193955       0.31816547987
                0.24       0.21527849942       0.34107888034
                0.26       0.23603313692       0.36210284359
                0.28       0.25567800096       0.38571242443
                 0.3       0.27295552132       0.40400015615
                0.32       0.28893579895       0.41927969254
                0.34       0.30089628958       0.43344881225
                0.36       0.31302208556       0.44512511915
                0.38       0.32245842193       0.45635520363
                 0.4       0.33256826046       0.46728573364
                0.42       0.34003043473        0.4789435685
                0.44       0.34896696527        0.4874021384
                0.46        0.3600583259       0.49641612038
                0.48       0.36781841333       0.50527760968
                 0.5        0.3785626963       0.51743709893
                0.52       0.38937865737       0.52644430567
                0.54        0.3988225423       0.53950633273
                0.56       0.40878198827       0.55025021696
                0.58        0.4201987759        0.5607169587
                 0.6       0.43258172544       0.57081614934
                0.62        0.4423701147       0.58162440926
                0.64       0.45419921644       0.59380755049
                0.66       0.46762194912       0.60224413549
                0.68       0.47998994924       0.61258448325
                 0.7       0.49097849631       0.62318388085
                0.72       0.50210164599       0.63446391045
                0.74       0.51180693294       0.64494183743
                0.76       0.52114516138       0.65037897113
                0.78       0.53044065823        0.6556089364
                 0.8       0.53853226263       0.65907126457
                0.82       0.54645989531       0.66513361667
                0.84       0.55482356621       0.67134626565
                0.86       0.56318214946        0.6788597264
                0.88       0.57088943058       0.68376868999
                 0.9       0.57629919403       0.69196235781
                0.92       0.58250118197       0.69949982228
                0.94       0.58972229912       0.70396115835
                0.96       0.59867282409       0.71191139911
                0.98       0.60806580582       0.72041791068
                   1       0.61783304812       0.72808588261
                1.02       0.62692949155       0.73884512742
                1.04       0.63738838888        0.7495869474
                1.06       0.64562841172       0.75895467018
                1.08       0.65491266841       0.76784882298
                 1.1       0.66624890253       0.77717575565
                1.12       0.67958246414       0.78609731503
                1.14       0.69062024089       0.79638446471
                1.16       0.70087661941        0.8043553068
                1.18       0.71235297134       0.81234956372
                 1.2        0.7219228462       0.82159535436
                1.22       0.73263569245       0.82981528938
                1.24       0.74278741045       0.83752511667
                1.26       0.75268123383        0.8444681172
                1.28       0.76207876605       0.85215406977
                 1.3       0.76935913943       0.85854472788
                1.32       0.77890475896       0.86473173209
                1.34       0.78662644871       0.87177230552
                1.36       0.79328676507       0.87775800721
                1.38       0.79873088705       0.88301077809
                 1.4       0.80290626339       0.88684277387
                1.42       0.80946167675       0.89214250557
                1.44       0.81483253618       0.89719392616
                1.46       0.81942601071       0.90141880798
                1.48       0.82515764291       0.90543369979
                 1.5       0.82985209097       0.90909253681
                1.52       0.83521033625       0.91338216438
                1.54       0.84120275618       0.91782004564
                1.56       0.84671992813       0.92128733234
                1.58       0.85337289058       0.92558815911
                 1.6       0.85724589507       0.93047058004
                1.62       0.86516945739       0.93500944375
                1.64       0.87134451707       0.93905168107
                1.66       0.87801755569       0.94307670624
                1.68       0.88369582502        0.9472942383
                 1.7       0.89006341226       0.95224912855
                1.72       0.89526628757       0.95674096154
                1.74       0.90128146629       0.96106457118
                1.76       0.90794514036        0.9655335843
                1.78        0.9144851616       0.96930510981
                 1.8       0.92032276233         0.972864142
                1.82       0.92753355305       0.97636318477
                1.84       0.93382047237       0.97955698211
                1.86       0.94150219502       0.98280605275
                1.88        0.9487196703       0.98564845225
                 1.9       0.95651885445       0.98819795933
                1.92       0.96505559517       0.99075459153
                1.94       0.97345827016       0.99319001117
                1.96       0.98222003264       0.99550537596
                1.98       0.99108893698       0.99775640558
