                0.02      0.017330463118      0.027605413925
                0.04      0.034237769571      0.054474607712
                0.06      0.050832778841      0.080849120534
                0.08      0.067042204685       0.10678601458
                 0.1       0.08306136137        0.1319726335
                0.12      0.099140825786       0.15645740466
                0.14       0.11560795511       0.18024305591
                0.16       0.13161961229       0.20357381473
                0.18       0.14806044743       0.22676631319
                 0.2       0.16387244741       0.24810941783
                0.22       0.18091616876       0.26826040928
                0.24       0.19725187196        0.2894322678
                0.26       0.21475382229       0.31037877794
                0.28       0.23164478747       0.33016717271
                 0.3       0.24730245915        0.3492065348
                0.32       0.26344183328       0.36713797501
                0.34       0.27871869791       0.38407483646
                0.36       0.29498282011        0.4002902425
                0.38       0.31071106072       0.41766486338
                 0.4       0.32609713088       0.43459716785
                0.42         0.341400692         0.451345887
                0.44       0.35632821653       0.46752896317
                0.46       0.37106285861       0.48355974592
                0.48       0.38595042469       0.49904556302
                 0.5       0.40075665506       0.51396982393
                0.52       0.41424490554       0.52978691966
                0.54       0.43047759892       0.54366387566
                0.56       0.44364702782       0.55747694773
                0.58       0.45674705743       0.56967923801
                 0.6       0.46898511974       0.58135781427
                0.62       0.48218869398       0.59241918816
                0.64       0.49420874903       0.60486155059
                0.66       0.50737557677        0.6152054929
                0.68       0.51910034086       0.62609970733
                 0.7       0.52828465671        0.6373662538
                0.72        0.5409472023       0.64908694979
                0.74       0.55263672916        0.6602147064
                0.76       0.56546509978       0.67201868244
                0.78       0.57742161324       0.68133519251
                 0.8       0.58736618584       0.68995760828
                0.82       0.59921146548       0.70050713391
                0.84       0.60992941291       0.71052333083
                0.86       0.61993993706       0.72064733683
                0.88       0.63001939142       0.73092899689
                 0.9       0.63985579389       0.73991125725
                0.92       0.64925552759       0.74789882622
                0.94       0.65779218473       0.75652587545
                0.96       0.66600529333       0.76467509703
                0.98        0.6753389854       0.77237155324
                   1       0.68312690694        0.7818449087
                1.02       0.69090226648       0.78929765086
                1.04       0.69831459799       0.79522255406
                1.06       0.70631790284       0.80387156223
                1.08       0.71383001134       0.81114189172
                 1.1       0.72171450403       0.81800312708
                1.12       0.72963398948       0.82419624632
                1.14       0.73642650295       0.83047012277
                1.16       0.74252189966       0.83575216684
                1.18       0.74931491335        0.8423313306
                 1.2        0.7558544402       0.84723420125
                1.22       0.76222108572       0.85281955105
                1.24       0.76935735356        0.8589841805
                1.26       0.77473478953       0.86452819265
                1.28       0.78096770354       0.86961310598
                 1.3       0.78833881454       0.87540910193
                1.32       0.79458297481       0.88097380918
                1.34       0.80191137935       0.88678355145
                1.36       0.80879156978       0.89188389518
                1.38       0.81582168416       0.89777744145
                 1.4       0.82198266287       0.90307580447
                1.42        0.8306038438       0.90921400279
                1.44       0.83736690419       0.91422122537
                1.46       0.84367039386       0.91906666854
                1.48       0.85152448623       0.92481253366
                 1.5       0.85845118485       0.93047990668
                1.52        0.8671033891       0.93600418464
                1.54       0.87383373403       0.94147081185
                1.56       0.88204118186       0.94683522195
                1.58       0.88949661236        0.9523608721
                 1.6       0.89704443647       0.95731352278
                1.62       0.90352065576       0.96215182354
                1.64       0.91163342219       0.96669447532
                1.66       0.91820069222       0.97083396581
                1.68       0.92432995326       0.97408840251
                 1.7        0.9287410747       0.97760819284
                1.72       0.93513169304       0.98105356352
                1.74       0.94126040219       0.98424183421
                1.76       0.94564779439       0.98690130554
                1.78       0.95005144148       0.98924313369
                 1.8       0.95472512026       0.99129499063
                1.82       0.95901088041       0.99304759294
                1.84       0.96278803583       0.99454866946
                1.86       0.96759166164       0.99591270847
                1.88       0.97196132413       0.99707220692
                 1.9       0.97669961888       0.99796039401
                1.92       0.98127657208       0.99864104838
                1.94       0.98584636853       0.99917488579
                1.96       0.99052790976       0.99954894844
                1.98       0.99524847041       0.99981416276
