                0.02      0.017021884995      0.026287970795
                0.04      0.033689417854      0.052056902404
                0.06      0.050254261909      0.077428193638
                0.08      0.066916941147       0.10220386706
                 0.1       0.08364135153       0.12646925045
                0.12       0.10039726778       0.15026623109
                0.14       0.11750854491       0.17361627245
                0.16        0.1351975703       0.19689478063
                0.18       0.15320202895       0.21940910721
                 0.2       0.17135649761       0.24248289054
                0.22       0.18976085348       0.26401370463
                0.24        0.2084798022       0.28727391388
                0.26       0.22648986506       0.30922991153
                0.28       0.24647732558       0.33097402912
                 0.3       0.26573808415       0.35248668029
                0.32       0.28501014261       0.37453009191
                0.34       0.30364961397       0.39545198826
                0.36       0.32215082949       0.41564672359
                0.38       0.33935228137       0.43500577159
                 0.4       0.35696230557       0.45408400639
                0.42         0.374418372       0.47346864002
                0.44       0.39051843646       0.49177414698
                0.46       0.40724255074       0.50947340109
                0.48       0.42342137305       0.52564664835
                 0.5       0.43704033011       0.54105768272
                0.52       0.45026420026       0.55605875237
                0.54       0.46449279517       0.56892958902
                0.56       0.47684039438       0.58351661817
                0.58       0.48800256874       0.59453662838
                 0.6       0.49872100535       0.60656947335
                0.62       0.50772912799        0.6159645579
                0.64       0.51778885798       0.62643261764
                0.66       0.52596734339       0.63561962209
                0.68       0.53335832995        0.6439408367
                 0.7       0.54123846491       0.65126436971
                0.72       0.54861532999       0.65788976958
                0.74        0.5547232906       0.66420529663
                0.76       0.56147709106       0.66902108319
                0.78       0.56796940877       0.67448462528
                 0.8       0.57340102263       0.68038453969
                0.82       0.57805023534       0.68695485062
                0.84       0.58537381085       0.69133526247
                0.86       0.59204375832       0.69710745936
                0.88       0.59924052009       0.70469304953
                 0.9       0.60536175845       0.71123907804
                0.92       0.61416245764       0.71693314877
                0.94       0.62117510302       0.72318109669
                0.96       0.63103849702       0.73090527864
                0.98       0.63822934501        0.7394253773
                   1       0.64732575572       0.74622833199
                1.02       0.65723620809       0.75377586951
                1.04       0.66590628801       0.76253963029
                1.06       0.67414733289       0.76974702975
                1.08       0.68307035074       0.77716947864
                 1.1       0.69006595354       0.78358463863
                1.12       0.69806716477       0.79133836036
                1.14       0.70627835172       0.79827537397
                1.16       0.71432931804       0.80528626185
                1.18       0.72253100767       0.81109792883
                 1.2       0.72971898406        0.8173824447
                1.22       0.73703399543       0.82379564521
                1.24       0.74506717429       0.83098813794
                1.26        0.7531972673       0.83707112578
                1.28        0.7575440064       0.84279064838
                 1.3       0.76361485637       0.84843550743
                1.32       0.76981904572       0.85421293733
                1.34       0.77661548449       0.86097527182
                1.36       0.78330789301       0.86704453301
                1.38        0.7895711097       0.87358253623
                 1.4       0.79530412595       0.87971663725
                1.42        0.8034029308       0.88527368204
                1.44       0.81110425927       0.89131033155
                1.46       0.81739087036       0.89744086171
                1.48        0.8227602649       0.90297768314
                 1.5       0.82844765564       0.90874136112
                1.52       0.83464929957       0.91367174545
                1.54       0.84199834965       0.91828348043
                1.56       0.84970712719       0.92308956674
                1.58       0.85708800152       0.92832118771
                 1.6        0.8648122534        0.9328444979
                1.62       0.87171226936       0.93727762236
                1.64       0.87990350169       0.94150755933
                1.66       0.88792269138       0.94671548729
                1.68        0.8960600938       0.95165682044
                 1.7       0.90334009174       0.95671644374
                1.72       0.91088524209       0.96141171532
                1.74       0.91789622149       0.96538725116
                1.76        0.9250528747       0.96935963885
                1.78       0.93129348066       0.97328950241
                 1.8       0.93832834546       0.97706863795
                1.82       0.94448122041         0.980596816
                1.84        0.9512257203       0.98382329571
                1.86       0.95710984825       0.98665349521
                1.88       0.96275165532       0.98928705554
                 1.9       0.96857638188       0.99164245382
                1.92       0.97478678911       0.99371986941
                1.94       0.98098494672       0.99551506088
                1.96       0.98728937586       0.99713627608
                1.98       0.99366880743       0.99861705383
