                   0                   0
      0.020981008576                0.04
      0.065283081351       0.13333333333
      0.088012266678       0.14606741573
       0.26664370744       0.23076923077
       0.29509251157       0.30769230769
        0.3693544165       0.33333333333
       0.39226313083       0.46666666667
       0.46515692135       0.57692307692
       0.52892364446       0.58156028369
       0.83355393945       0.58823529412
        0.8537157052       0.67567567568
        1.0779517598       0.69230769231
         1.101816832       0.80821917808
         1.269871503        0.8273381295
        1.5531730844                0.95
        1.5901929344       0.95555555556
        1.6717962823        0.9652173913
        1.9220010105                   1
                   2                   1
