                   0                   0
       0.10190396873              0.0625
       0.13334786538       0.16326530612
        0.2297824462                0.25
       0.25176341601                 0.4
       0.55509573947       0.44444444444
       0.57217608183       0.55963302752
       0.81182193297       0.63636363636
       0.86093822467       0.66438356164
        1.1353534657       0.82352941176
        1.2673935824       0.82692307692
        1.3734896841       0.87096774194
        1.4329435247       0.87878787879
        1.5076680284       0.88311688312
        1.6516830951       0.93846153846
        1.7997744838                   1
                   2                   1
