                0.02                0.08
                0.04                0.09
                0.06                0.09
                0.08                0.08
                 0.1                0.08
                0.12                0.08
                0.14                0.08
                0.16                0.08
                0.18                0.08
                 0.2                0.07
                0.22                0.06
                0.24                0.05
                0.26                0.05
                0.28                0.05
                 0.3                0.04
                0.32                0.03
                0.34                0.03
                0.36                0.03
                0.38                0.03
                 0.4                0.03
                0.42                0.03
                0.44                0.02
                0.46                0.03
                0.48                0.03
                 0.5                0.02
                0.52                0.02
                0.54                0.02
                0.56                0.02
                0.58                0.03
                 0.6                0.05
                0.62                0.05
                0.64                0.06
                0.66                0.06
                0.68                0.06
                 0.7                0.06
                0.72                0.06
                0.74                0.08
                0.76                0.08
                0.78                0.07
                 0.8                0.07
                0.82                0.07
                0.84                0.06
                0.86                0.05
                0.88                0.04
                 0.9                0.06
                0.92                0.04
                0.94                0.05
                0.96                0.06
                0.98                0.06
                   1                0.06
                1.02                0.04
                1.04                0.05
                1.06                0.06
                1.08                0.06
                 1.1                0.06
                1.12                0.06
                1.14                0.05
                1.16                0.05
                1.18                0.04
                 1.2                0.03
                1.22                0.04
                1.24                0.04
                1.26                0.04
                1.28                0.05
                 1.3                0.05
                1.32                0.04
                1.34                0.04
                1.36                0.06
                1.38                0.05
                 1.4                0.04
                1.42                0.07
                1.44                0.07
                1.46                0.08
                1.48                0.08
                 1.5                0.07
                1.52                0.06
                1.54                0.07
                1.56                0.05
                1.58                0.04
                 1.6                0.04
                1.62                0.04
                1.64                0.04
                1.66                0.03
                1.68                0.03
                 1.7                0.03
                1.72                0.03
                1.74                0.03
                1.76                0.03
                1.78                0.03
                 1.8                0.01
                1.82                   0
                1.84                   0
                1.86                   0
                1.88                   0
                 1.9                   0
                1.92                   0
                1.94                   0
                1.96                   0
                1.98                   0
