                0.02               0.032
                0.04               0.035
                0.06               0.036
                0.08               0.038
                 0.1               0.042
                0.12               0.044
                0.14               0.039
                0.16               0.034
                0.18               0.036
                 0.2               0.042
                0.22               0.048
                0.24               0.047
                0.26               0.044
                0.28               0.042
                 0.3               0.042
                0.32               0.044
                0.34               0.044
                0.36               0.046
                0.38               0.048
                 0.4               0.049
                0.42               0.047
                0.44               0.048
                0.46                0.05
                0.48               0.053
                 0.5               0.054
                0.52               0.055
                0.54               0.058
                0.56               0.057
                0.58               0.057
                 0.6               0.066
                0.62               0.068
                0.64               0.071
                0.66               0.072
                0.68               0.074
                 0.7               0.073
                0.72               0.071
                0.74               0.066
                0.76               0.067
                0.78               0.066
                 0.8               0.064
                0.82               0.058
                0.84               0.057
                0.86               0.053
                0.88                0.05
                 0.9               0.062
                0.92               0.064
                0.94               0.067
                0.96                0.06
                0.98               0.066
                   1               0.065
                1.02                0.06
                1.04               0.061
                1.06                0.06
                1.08               0.057
                 1.1               0.061
                1.12               0.063
                1.14               0.066
                1.16               0.069
                1.18                0.07
                 1.2                0.07
                1.22               0.073
                1.24               0.074
                1.26               0.075
                1.28               0.071
                 1.3               0.071
                1.32               0.072
                1.34               0.069
                1.36               0.066
                1.38               0.068
                 1.4               0.067
                1.42               0.067
                1.44               0.067
                1.46               0.064
                1.48               0.059
                 1.5               0.054
                1.52               0.058
                1.54               0.059
                1.56               0.057
                1.58               0.057
                 1.6               0.059
                1.62               0.062
                1.64               0.058
                1.66               0.058
                1.68               0.056
                 1.7               0.054
                1.72               0.053
                1.74               0.053
                1.76               0.051
                1.78                0.05
                 1.8               0.052
                1.82               0.055
                1.84               0.054
                1.86               0.055
                1.88               0.055
                 1.9               0.055
                1.92               0.052
                1.94               0.052
                1.96               0.053
                1.98               0.055
