               0.002      0.001774936945
               0.004     0.0035499614143
               0.006     0.0053251608323
               0.008     0.0071006224238
                0.01     0.0088764331143
               0.012       0.01065267943
               0.014      0.012429447397
               0.016      0.014206822443
               0.018      0.015984889296
                0.02      0.017763731884
               0.022      0.019543433237
               0.024      0.021324075381
               0.026      0.023105739243
               0.028       0.02488850455
                0.03      0.026672449745
               0.032       0.02845765192
               0.034      0.030244186721
               0.036      0.032032128244
               0.038      0.033821548936
                0.04      0.035612519707
               0.042      0.037405110706
               0.044      0.039199391613
               0.046      0.040995431578
               0.048      0.042793299152
                0.05      0.044593062219
               0.052      0.046394787927
               0.054      0.048198542621
               0.056      0.050004391771
               0.058      0.051812399907
                0.06      0.053622630549
               0.062      0.055435146135
               0.064      0.057250007958
               0.066      0.059067276095
               0.068      0.060887009335
                0.07      0.062709265116
               0.072      0.064534099448
               0.074      0.066361566854
               0.076      0.068191720292
               0.078      0.070024611089
                0.08      0.071860288873
               0.082      0.073698801499
               0.084      0.075540194986
               0.086      0.077384513437
               0.088       0.07923179898
                0.09      0.081082091688
               0.092      0.082935429513
               0.094      0.084791848217
               0.096      0.086651381294
               0.098      0.088514059906
                 0.1      0.090379912805
               0.102      0.092248966265
               0.104       0.09412124401
               0.106      0.095996767137
               0.108      0.097875554047
                0.11      0.099757620371
               0.112       0.10164297895
               0.114       0.10353164054
               0.116        0.1054236146
               0.118       0.10731890935
                0.12       0.10921753178
               0.122       0.11111948757
               0.124       0.11302478109
               0.126       0.11493341532
               0.128        0.1168453919
                0.13       0.11876071102
               0.132       0.12067937141
               0.134       0.12260137034
               0.136       0.12452670361
               0.138       0.12645536576
                0.14       0.12838735007
               0.142       0.13032264858
               0.144       0.13226125205
               0.146       0.13420314992
               0.148       0.13614833031
                0.15       0.13809677997
               0.152       0.14004848429
               0.154       0.14200342722
               0.156       0.14396159131
               0.158       0.14592295764
                0.16        0.1478875058
               0.162       0.14985521387
               0.164       0.15182605842
               0.166       0.15380001443
               0.168       0.15577705531
                0.17       0.15775715286
               0.172       0.15974027723
               0.174       0.16172639691
               0.176        0.1637154787
               0.178       0.16570748767
                0.18       0.16770238716
               0.182       0.16970013872
               0.184        0.1717007021
               0.186       0.17370403522
               0.188       0.17571009415
                0.19       0.17771883306
               0.192        0.1797302042
               0.194       0.18174415789
               0.196       0.18376064247
               0.198       0.18577960425
                 0.2       0.18780098752
               0.202       0.18982473452
               0.204       0.19185078535
               0.206       0.19387907803
               0.208       0.19590954837
                0.21       0.19794213015
               0.212       0.19997675568
               0.214       0.20201335602
               0.216       0.20405186104
               0.218       0.20609219934
                0.22       0.20813429833
               0.222       0.21017808411
               0.224       0.21222348157
               0.226        0.2142704143
               0.228       0.21631880462
                0.23       0.21836857355
               0.232       0.22041964082
               0.234       0.22247192484
               0.236       0.22452534268
               0.238       0.22657981017
                0.24       0.22863524244
               0.242        0.2306915544
               0.244       0.23274866072
               0.246       0.23480647593
               0.248       0.23686491435
                0.25       0.23892389016
               0.252       0.24098331739
               0.254       0.24304310994
               0.256        0.2451031816
               0.258       0.24716344603
                0.26       0.24922381683
               0.262       0.25128420749
               0.264       0.25334453148
               0.266       0.25540470217
               0.268       0.25746463291
                0.27       0.25952423703
               0.272       0.26158342784
               0.274       0.26364211864
               0.276       0.26570022275
               0.278        0.2677576535
                0.28       0.26981432425
               0.282       0.27187014841
               0.284       0.27392503944
               0.286       0.27597891086
               0.288       0.27803167627
                0.29       0.28008324936
               0.292       0.28213354389
               0.294       0.28418247375
               0.296       0.28622995292
               0.298       0.28827589551
                 0.3       0.29032021576
               0.302       0.29236282804
               0.304       0.29440364688
               0.306       0.29644258694
               0.308       0.29847956304
                0.31        0.3005144902
               0.312       0.30254728357
               0.314       0.30457785849
               0.316       0.30660613049
               0.318       0.30863201529
                0.32       0.31065542879
               0.322       0.31267628708
               0.324       0.31469450648
               0.326       0.31671000349
               0.328       0.31872269481
                0.33       0.32073249736
               0.332       0.32273932828
               0.334       0.32474310491
               0.336        0.3267437449
               0.338       0.32874116616
                0.34       0.33073528692
               0.342       0.33272602569
               0.344       0.33471330129
               0.346       0.33669703281
               0.348       0.33867713961
                0.35       0.34065354134
               0.352       0.34262615793
               0.354       0.34459490972
               0.356       0.34655971808
               0.358        0.3485205058
                0.36       0.35047719694
               0.362       0.35242971691
               0.364       0.35437799236
               0.366       0.35632195117
               0.368        0.3582615224
                0.37       0.36019663628
               0.372       0.36212722416
               0.374       0.36405321846
               0.376       0.36597455265
               0.378        0.3678911612
                0.38       0.36980297956
               0.382       0.37170994409
               0.384       0.37361199205
               0.386       0.37550906155
               0.388       0.37740109151
                0.39       0.37928802161
               0.392       0.38116979225
               0.394       0.38304634455
               0.396       0.38491762024
               0.398       0.38678356167
                 0.4       0.38864411173
               0.402       0.39049921384
               0.404        0.3923488119
               0.406        0.3941928502
               0.408       0.39603127344
                0.41       0.39786402666
               0.412       0.39969105515
               0.414       0.40151230449
               0.416       0.40332772042
               0.418        0.4051372489
                0.42       0.40694083616
               0.422       0.40873842862
               0.424       0.41052997291
               0.426       0.41231541577
               0.428       0.41409470403
                0.43       0.41586778455
               0.432       0.41763460418
               0.434        0.4193951097
               0.436       0.42114924779
               0.438       0.42289696496
                0.44       0.42463820774
               0.442       0.42637292333
               0.444       0.42810105993
               0.446       0.42982256663
               0.448       0.43153739345
                0.45       0.43324549129
               0.452       0.43494681191
               0.454        0.4366413079
               0.456       0.43832893266
               0.458       0.44000964039
                0.46       0.44168338601
               0.462       0.44335012521
               0.464       0.44500981436
               0.466        0.4466624105
               0.468       0.44830787134
                0.47       0.44994615518
               0.472       0.45157722092
               0.474       0.45320102802
               0.476       0.45481753646
               0.478       0.45642670673
                0.48       0.45802849976
               0.482       0.45962287693
               0.484       0.46120980008
               0.486       0.46278923178
               0.488       0.46436113548
                0.49       0.46592547547
               0.492       0.46748221687
               0.494       0.46903132564
               0.496       0.47057276849
               0.498       0.47210651289
                 0.5       0.47363252708
               0.502       0.47515077998
               0.504       0.47666124121
               0.506       0.47816388105
               0.508        0.4796586704
                0.51       0.48114558079
               0.512       0.48262458431
               0.514        0.4840956536
               0.516       0.48555876184
               0.518       0.48701388268
                0.52       0.48846099025
               0.522       0.48990005909
               0.524       0.49133106416
               0.526       0.49275398083
               0.528       0.49416878522
                0.53       0.49557545424
               0.532       0.49697396567
               0.534       0.49836429807
               0.536       0.49974643079
               0.538       0.50112034391
                0.54       0.50248601829
               0.542       0.50384343546
               0.544       0.50519257766
               0.546       0.50653342777
               0.548       0.50786596933
                0.55       0.50919018647
               0.552       0.51050606389
               0.554       0.51181358687
               0.556       0.51311274121
               0.558       0.51440351319
                0.56       0.51568588957
               0.562       0.51695985754
               0.564       0.51822540469
               0.566       0.51948251901
               0.568       0.52073118881
                0.57        0.5219714028
               0.572       0.52320315075
               0.574       0.52442642389
               0.576       0.52564121496
               0.578       0.52684751823
                0.58       0.52804532957
               0.582       0.52923464656
               0.584       0.53041546847
               0.586       0.53158779623
               0.588       0.53275163243
                0.59       0.53390698131
               0.592       0.53505384875
               0.594        0.5361922423
               0.596       0.53732217127
               0.598       0.53844364674
                 0.6       0.53955668156
               0.602       0.54066129045
               0.604       0.54175749091
               0.606       0.54284530363
               0.608       0.54392475242
                0.61       0.54499586421
               0.612       0.54605866899
               0.614       0.54711319972
               0.616       0.54815949235
               0.618        0.5491975857
                0.62       0.55022752147
               0.622       0.55124934415
               0.624       0.55226310098
               0.626       0.55326884194
               0.628       0.55426661961
                0.63       0.55525648921
               0.632        0.5562385085
               0.634       0.55721273776
               0.636       0.55817923971
               0.638       0.55913807947
                0.64        0.5600893245
               0.642       0.56103304458
               0.644       0.56196931173
               0.646       0.56289820017
               0.648       0.56381978624
                0.65       0.56473414839
               0.652       0.56564136712
               0.654       0.56654152488
               0.656       0.56743470609
               0.658       0.56832099701
                0.66       0.56920048576
               0.662       0.57007326222
               0.664       0.57093941797
               0.666       0.57179904627
               0.668       0.57265224198
                0.67       0.57349910151
               0.672       0.57433972277
               0.674       0.57517420512
               0.676       0.57600264927
               0.678        0.5768251573
                0.68       0.57764183252
               0.682       0.57845277948
               0.684       0.57925810388
               0.686        0.5800579125
               0.688       0.58085231318
                0.69       0.58164141471
               0.692       0.58242532683
               0.694       0.58320416013
               0.696       0.58397802598
               0.698        0.5847470365
                 0.7        0.5855113045
               0.702       0.58627094338
               0.704       0.58702606712
               0.706       0.58777679017
               0.708       0.58852322741
                0.71       0.58926549408
               0.712       0.59000370573
               0.714       0.59073797814
               0.716       0.59146842726
               0.718       0.59219516914
                0.72       0.59291831986
               0.722       0.59363799549
               0.724       0.59435431198
               0.726       0.59506738514
               0.728       0.59577733053
                0.73        0.5964842634
               0.732       0.59718829865
               0.734       0.59788955072
               0.736       0.59858813355
               0.738       0.59928416048
                0.74        0.5999777442
               0.742       0.60066899669
               0.744       0.60135802908
               0.746       0.60204495167
               0.748       0.60272987379
                0.75       0.60341290373
               0.752       0.60409414871
               0.754       0.60477371473
               0.756       0.60545170657
               0.758       0.60612822764
                0.76       0.60680337998
               0.762       0.60747726409
               0.764       0.60814997893
               0.766       0.60882162179
               0.768       0.60949228822
                0.77       0.61016207201
               0.772       0.61083106539
               0.774       0.61149935978
               0.776        0.6121670459
               0.778       0.61283421377
                0.78       0.61350095256
               0.782       0.61416735059
               0.784       0.61483349527
               0.786       0.61549947298
               0.788       0.61616536904
                0.79       0.61683126765
               0.792        0.6174972518
               0.794       0.61816340321
               0.796       0.61882980227
               0.798       0.61949652796
                 0.8        0.6201636579
               0.802       0.62083126885
               0.804       0.62149943697
               0.806       0.62216823785
               0.808       0.62283774636
                0.81       0.62350803669
               0.812       0.62417918227
               0.814       0.62485125573
               0.816       0.62552432881
               0.818       0.62619847239
                0.82       0.62687375638
               0.822       0.62755024968
               0.824       0.62822802014
               0.826       0.62890713454
               0.828       0.62958765847
                0.83       0.63026965633
               0.832       0.63095319127
               0.834       0.63163832515
               0.836       0.63232511844
               0.838       0.63301363022
                0.84       0.63370391812
               0.842       0.63439603822
               0.844       0.63509004508
               0.846       0.63578599158
               0.848       0.63648392897
                0.85       0.63718390673
               0.852       0.63788597259
               0.854       0.63859017241
               0.856       0.63929655014
               0.858        0.6400051478
                0.86       0.64071600539
               0.862       0.64142916081
               0.864       0.64214464986
               0.866       0.64286250613
               0.868       0.64358276097
                0.87       0.64430544342
               0.872       0.64503058014
               0.874        0.6457581954
               0.876       0.64648831117
               0.878       0.64722094719
                0.88       0.64795612097
               0.882       0.64869384766
               0.884       0.64943414009
               0.886       0.65017700861
               0.888       0.65092246112
                0.89       0.65167050298
               0.892       0.65242113692
               0.894       0.65317436305
               0.896       0.65393017875
               0.898       0.65468857917
                 0.9        0.6554495582
               0.902       0.65621310864
               0.904       0.65697922223
               0.906        0.6577478896
               0.908       0.65851910028
                0.91       0.65929284264
               0.912       0.66006910392
               0.914       0.66084787016
               0.916       0.66162912623
               0.918       0.66241285579
                0.92       0.66319904127
               0.922       0.66398766384
               0.924       0.66477870343
               0.926       0.66557213865
               0.928       0.66636794684
                0.93         0.667166104
               0.932       0.66796658477
               0.934       0.66876936246
               0.936       0.66957440896
               0.938       0.67038169477
                0.94       0.67119118897
               0.942       0.67200285918
               0.944       0.67281667157
               0.946        0.6736325908
               0.948       0.67445058004
                0.95       0.67527060089
               0.952       0.67609261345
               0.954       0.67691657619
               0.956       0.67774244602
               0.958       0.67857017821
                0.96       0.67939972638
               0.962       0.68023104249
               0.964       0.68106407681
               0.966       0.68189877789
               0.968       0.68273509254
                0.97       0.68357296594
               0.972       0.68441234246
               0.974       0.68525316611
               0.976       0.68609538062
               0.978       0.68693892939
                0.98       0.68778375557
               0.982         0.688629802
               0.984        0.6894770113
               0.986       0.69032532578
               0.988       0.69117468755
                0.99       0.69202503846
               0.992       0.69287632016
               0.994       0.69372847407
               0.996       0.69458144142
               0.998       0.69543516323
                   1       0.69628958036
               1.002       0.69714463348
               1.004       0.69800026313
               1.006       0.69885640968
               1.008       0.69971301336
                1.01       0.70057001428
               1.012       0.70142735244
               1.014       0.70228496773
               1.016       0.70314279993
               1.018       0.70400078876
                1.02       0.70485887385
               1.022       0.70571699478
               1.024       0.70657509106
               1.026       0.70743310218
               1.028       0.70829096759
                1.03        0.7091486267
               1.032       0.71000601896
               1.034       0.71086308378
               1.036       0.71171976064
               1.038       0.71257598913
                1.04        0.7134317089
               1.042       0.71428685974
               1.044       0.71514138153
               1.046       0.71599521433
               1.048       0.71684829829
                1.05       0.71770057375
               1.052       0.71855198122
               1.054       0.71940246179
               1.056        0.7202519581
               1.058       0.72110041453
                1.06        0.7219477772
               1.062       0.72279399393
               1.064       0.72363901424
               1.066       0.72448278928
               1.068       0.72532527185
                1.07       0.72616641636
               1.072       0.72700617878
               1.074       0.72784451665
               1.076       0.72868138906
               1.078       0.72951675659
                1.08        0.7303505813
               1.082       0.73118282674
               1.084       0.73201345788
               1.086       0.73284244112
               1.088       0.73366974424
                1.09       0.73449533644
               1.092       0.73531918825
               1.094       0.73614127167
               1.096       0.73696156002
               1.098       0.73778002801
                 1.1       0.73859665168
               1.102       0.73941140838
               1.104       0.74022427676
               1.106       0.74103523671
               1.108        0.7418442694
                1.11       0.74265135721
               1.112       0.74345648373
               1.114       0.74425963373
               1.116       0.74506079315
               1.118       0.74585994907
                1.12       0.74665708969
               1.122       0.74745220433
               1.124       0.74824528336
               1.126       0.74903631825
               1.128       0.74982530149
                1.13       0.75061222661
               1.132       0.75139708814
               1.134        0.7521798816
               1.136       0.75296060347
               1.138       0.75373925119
                1.14       0.75451582313
               1.142       0.75529031857
               1.144        0.7560627377
               1.146       0.75683308156
               1.148       0.75760135207
                1.15       0.75836755199
               1.152        0.7591316849
               1.154       0.75989375519
               1.156       0.76065376804
               1.158       0.76141172941
                1.16       0.76216764599
               1.162       0.76292152525
               1.164       0.76367337534
               1.166       0.76442320514
               1.168       0.76517102422
                1.17       0.76591684281
               1.172       0.76666067182
               1.174       0.76740252286
               1.176       0.76814240833
               1.178       0.76888034133
                1.18       0.76961633565
               1.182       0.77035040581
               1.184       0.77108256697
               1.186       0.77181283496
               1.188       0.77254122621
                1.19       0.77326775782
               1.192       0.77399244742
               1.194       0.77471531327
               1.196       0.77543637415
               1.198       0.77615564939
                 1.2       0.77687315887
               1.202       0.77758892292
               1.204       0.77830296239
               1.206       0.77901529859
               1.208       0.77972595327
                1.21       0.78043494862
               1.212       0.78114230722
               1.214       0.78184805206
               1.216        0.7825522065
               1.218       0.78325479426
                1.22       0.78395583938
               1.222       0.78465536625
               1.224       0.78535339953
               1.226       0.78604996419
               1.228       0.78674508543
                1.23       0.78743878873
               1.232       0.78813109978
               1.234       0.78882204449
               1.236       0.78951164895
               1.238       0.79019993942
                1.24       0.79088694234
               1.242       0.79157268424
               1.244       0.79225719182
               1.246       0.79294049184
               1.248       0.79362261115
                1.25       0.79430357665
               1.252       0.79498341532
               1.254       0.79566215411
               1.256       0.79633982001
               1.258       0.79701643998
                1.26       0.79769204095
               1.262       0.79836664978
               1.264       0.79904029329
               1.266       0.79971299818
               1.268       0.80038479104
                1.27       0.80105569832
               1.272       0.80172574635
               1.274       0.80239496124
               1.276       0.80306336894
               1.278       0.80373099518
                1.28       0.80439786545
               1.282       0.80506400499
               1.284       0.80572943876
               1.286       0.80639419142
               1.288       0.80705828733
                1.29       0.80772175049
               1.292       0.80838460456
               1.294       0.80904687279
               1.296       0.80970857806
               1.298       0.81036974279
                 1.3       0.81103038898
               1.302       0.81169053814
               1.304       0.81235021131
               1.306       0.81300942898
               1.308       0.81366821113
                1.31       0.81432657716
               1.312       0.81498454591
               1.314       0.81564213557
               1.316       0.81629936373
               1.318       0.81695624731
                1.32       0.81761280255
               1.322       0.81826904498
               1.324        0.8189249894
               1.326       0.81958064986
               1.328       0.82023603963
                1.33       0.82089117115
               1.332       0.82154605605
               1.334       0.82220070509
               1.336       0.82285512814
               1.338       0.82350933418
                1.34       0.82416333128
               1.342       0.82481712662
               1.344        0.8254707265
               1.346       0.82612413628
               1.348       0.82677736037
                1.35       0.82743040218
               1.352       0.82808326415
               1.354       0.82873594765
               1.356         0.829388453
               1.358       0.83004077947
                1.36       0.83069292577
               1.362       0.83134489058
               1.364       0.83199667259
               1.366       0.83264827056
               1.368       0.83329968326
                1.37       0.83395090949
               1.372        0.8346019481
               1.374       0.83525279794
               1.376       0.83590345792
               1.378       0.83655392694
                1.38       0.83720420397
               1.382       0.83785428797
               1.384       0.83850417794
               1.386        0.8391538729
               1.388       0.83980337188
                1.39       0.84045267395
               1.392       0.84110177819
               1.394       0.84175068368
               1.396       0.84239938954
               1.398       0.84304789488
                 1.4       0.84369619883
               1.402       0.84434430053
               1.404       0.84499219912
               1.406       0.84563989374
               1.408       0.84628738355
                1.41       0.84693466769
               1.412       0.84758174529
               1.414       0.84822861548
               1.416       0.84887527739
               1.418       0.84952173011
                1.42       0.85016797274
               1.422       0.85081400438
               1.424       0.85145982439
               1.426       0.85210543253
               1.428       0.85275082898
                1.43        0.8533960143
               1.432        0.8540409894
               1.434       0.85468575559
               1.436       0.85533031448
               1.438       0.85597466802
                1.44        0.8566188185
               1.442       0.85726276846
               1.444       0.85790652075
               1.446       0.85855007847
               1.448       0.85919344499
                1.45        0.8598366239
               1.452       0.86047961899
               1.454       0.86112243429
               1.456       0.86176507399
               1.458       0.86240754246
                1.46       0.86304984421
               1.462        0.8636919839
               1.464       0.86433396632
               1.466       0.86497579634
               1.468       0.86561747894
                1.47       0.86625901914
               1.472       0.86690042205
               1.474        0.8675416928
               1.476       0.86818283652
               1.478       0.86882385837
                1.48       0.86946476348
               1.482       0.87010555695
               1.484       0.87074624381
               1.486       0.87138682905
               1.488       0.87202731754
                1.49       0.87266771407
               1.492       0.87330802329
               1.494       0.87394824969
               1.496       0.87458839762
               1.498       0.87522847123
                 1.5       0.87586847448
               1.502       0.87650841109
               1.504       0.87714828456
               1.506        0.8777880981
               1.508       0.87842785466
                1.51       0.87906755686
               1.512       0.87970720703
               1.514       0.88034680712
               1.516       0.88098635872
               1.518       0.88162586305
                1.52       0.88226532091
               1.522       0.88290473265
               1.524       0.88354409819
               1.526       0.88418341695
               1.528       0.88482268787
                1.53       0.88546190936
               1.532       0.88610107927
               1.534        0.8867401949
               1.536       0.88737925295
               1.538       0.88801824949
                1.54       0.88865717995
               1.542       0.88929603911
               1.544       0.88993482105
               1.546       0.89057351911
               1.548       0.89121212592
                1.55       0.89185063333
               1.552       0.89248903238
               1.554        0.8931273133
               1.556       0.89376546548
               1.558       0.89440347742
                1.56       0.89504133672
               1.562       0.89567903005
               1.564       0.89631654313
               1.566       0.89695386068
               1.568       0.89759096641
                1.57       0.89822784298
               1.572       0.89886447198
               1.574       0.89950083389
               1.576       0.90013690806
               1.578       0.90077267272
                1.58       0.90140810516
               1.582       0.90204318192
               1.584       0.90267787877
               1.586       0.90331217085
               1.588       0.90394603258
                1.59        0.9045794377
               1.592       0.90521235918
               1.594       0.90584476918
               1.596       0.90647663905
               1.598       0.90710793925
                 1.6       0.90773863934
               1.602       0.90836870792
               1.604        0.9089981126
               1.606       0.90962682001
               1.608       0.91025479638
                1.61       0.91088200829
               1.612       0.91150842278
               1.614       0.91213400733
               1.616       0.91275872985
               1.618       0.91338255871
                1.62       0.91400546269
               1.622       0.91462741101
               1.624       0.91524837332
               1.626        0.9158683197
               1.628       0.91648722064
                1.63       0.91710504705
               1.632       0.91772177027
               1.634       0.91833736204
               1.636       0.91895179451
               1.638       0.91956504024
                1.64        0.9201770722
               1.642       0.92078786377
               1.644       0.92139738871
               1.646        0.9220056212
               1.648       0.92261253579
                1.65       0.92321810744
               1.652       0.92382231151
               1.654       0.92442512374
               1.656       0.92502652023
               1.658       0.92562647751
                1.66       0.92622497246
               1.662       0.92682198236
               1.664       0.92741748485
               1.666       0.92801145796
               1.668       0.92860388008
                1.67       0.92919472998
               1.672        0.9297839868
               1.674       0.93037163005
               1.676       0.93095763959
               1.678       0.93154199566
                1.68       0.93212467886
               1.682       0.93270567013
               1.684       0.93328495079
               1.686       0.93386250251
               1.688       0.93443830729
                1.69       0.93501234751
               1.692       0.93558460589
               1.694       0.93615506549
               1.696       0.93672370971
               1.698        0.9372905223
                 1.7       0.93785548736
               1.702        0.9384185893
               1.704       0.93897981288
               1.706       0.93953914321
               1.708       0.94009656569
                1.71       0.94065206609
               1.712       0.94120563047
               1.714       0.94175724523
               1.716        0.9423068971
               1.718        0.9428545731
                1.72       0.94340026059
               1.722       0.94394394723
               1.724       0.94448562098
               1.726       0.94502527013
               1.728       0.94556288325
                1.73       0.94609844922
               1.732       0.94663195722
               1.734       0.94716339672
               1.736       0.94769275748
               1.738       0.94822002955
                1.74       0.94874520326
               1.742       0.94926826921
               1.744        0.9497892183
               1.746       0.95030804169
               1.748        0.9508247308
                1.75       0.95133927733
               1.752       0.95185167323
               1.754       0.95236191071
               1.756       0.95286998224
               1.758       0.95337588053
                1.76       0.95387959852
               1.762       0.95438112943
               1.764       0.95488046666
               1.766       0.95537760389
               1.768       0.95587253499
                1.77       0.95636525406
               1.772       0.95685575541
               1.774       0.95734403359
               1.776       0.95783008341
               1.778       0.95831390017
                1.78        0.9587954796
               1.782       0.95927481787
               1.784       0.95975191164
               1.786       0.96022675801
               1.788       0.96069935452
                1.79       0.96116969919
               1.792       0.96163779049
               1.794       0.96210362733
               1.796       0.96256720908
               1.798       0.96302853558
                 1.8        0.9634876071
               1.802       0.96394442438
               1.804       0.96439898861
               1.806       0.96485130141
               1.808       0.96530136487
                1.81       0.96574918153
               1.812       0.96619475437
               1.814        0.9666380868
               1.816        0.9670791827
               1.818       0.96751804637
                1.82       0.96795468257
               1.822       0.96838909648
               1.824       0.96882129372
               1.826       0.96925128036
               1.828       0.96967906288
                1.83       0.97010464827
               1.832       0.97052804408
               1.834       0.97094925839
               1.836       0.97136829981
               1.838       0.97178517751
                1.84       0.97219990114
               1.842       0.97261248091
               1.844       0.97302292753
               1.846       0.97343125221
               1.848       0.97383746665
                1.85       0.97424158307
               1.852       0.97464361414
               1.854       0.97504357303
               1.856       0.97544147338
               1.858       0.97583732927
                1.86       0.97623115526
               1.862       0.97662296635
               1.864       0.97701277796
               1.866       0.97740060597
               1.868       0.97778646665
                1.87       0.97817037671
               1.872       0.97855235325
               1.874       0.97893241376
               1.876       0.97931057613
               1.878       0.97968685862
                1.88       0.98006127985
               1.882       0.98043385882
               1.884       0.98080461486
               1.886       0.98117356763
               1.888       0.98154073713
                1.89       0.98190614368
               1.892        0.9822698079
               1.894        0.9826317507
               1.896       0.98299199328
               1.898       0.98335055713
                 1.9       0.98370746397
               1.902       0.98406273578
               1.904       0.98441639479
               1.906       0.98476846345
               1.908       0.98511896442
                1.91       0.98546792056
               1.912       0.98581535498
               1.914       0.98616129105
               1.916       0.98650575232
               1.918       0.98684876262
                1.92       0.98719034593
               1.922       0.98753052643
               1.924       0.98786932848
               1.926       0.98820677658
               1.928       0.98854289536
                1.93       0.98887770959
               1.932       0.98921124413
               1.934       0.98954352391
               1.936       0.98987457397
               1.938       0.99020441934
                1.94       0.99053308515
               1.942       0.99086059649
               1.944       0.99118697847
               1.946       0.99151225619
               1.948       0.99183645531
                1.95       0.99215960281
               1.952       0.99248172719
               1.954       0.99280285832
               1.956       0.99312302747
               1.958       0.99344226716
                1.96       0.99376061118
               1.962       0.99407809451
               1.964       0.99439475323
               1.966       0.99471062451
               1.968       0.99502574652
                1.97        0.9953401584
               1.972       0.99565390018
               1.974       0.99596701273
               1.976       0.99627953772
               1.978       0.99659151754
                1.98       0.99690299525
               1.982       0.99721401454
               1.984       0.99752461965
               1.986       0.99783485532
               1.988       0.99814476677
                1.99       0.99845439957
               1.992       0.99876379965
               1.994       0.99907301323
               1.996       0.99938208673
               1.998       0.99969106675
                   2                   1
