               0.002     0.0012926408683
               0.004     0.0025881055888
               0.006      0.003886872539
               0.008     0.0051894581227
                0.01     0.0064964118586
               0.012     0.0078083116819
               0.014     0.0091257594602
               0.016      0.010449376716
               0.018      0.011779800549
                0.02       0.01311767975
               0.022        0.0144636711
               0.024       0.01581843585
               0.026      0.017182636514
               0.028      0.018556937078
                0.03      0.019942005804
               0.032      0.021338513572
               0.034      0.022747131374
               0.036      0.024168527951
               0.038      0.025603367563
                0.04      0.027052307883
               0.042       0.02851599803
               0.044      0.029995076709
               0.046      0.031490170472
               0.048      0.033001892087
                0.05      0.034530839019
               0.052      0.036077592005
               0.054      0.037642713731
               0.056        0.0392267476
               0.058      0.040830216595
                0.06      0.042453622223
               0.062      0.044097443539
               0.064      0.045762136257
               0.066      0.047448131924
               0.068       0.04915583718
                0.07      0.050885633073
               0.072       0.05263787445
               0.074      0.054412889402
               0.076      0.056210978773
               0.078      0.058032415728
                0.08      0.059877445365
               0.082      0.061746284392
               0.084       0.06363912084
               0.086       0.06555611383
               0.088      0.067497393383
                0.09      0.069463060264
               0.092      0.071453185877
               0.094       0.07346781219
               0.096      0.075506951695
               0.098      0.077570587402
                 0.1      0.079658672867
               0.102      0.081771132245
               0.104      0.083907860372
               0.106      0.086068722876
               0.108      0.088253556306
                0.11      0.090462168289
               0.112      0.092694337704
               0.114      0.094949814879
               0.116      0.097228321805
               0.118      0.099529552363
                0.12       0.10185317257
               0.122       0.10419882085
               0.124       0.10656610828
               0.126       0.10895461891
               0.128       0.11136391002
                0.13       0.11379351245
               0.132       0.11624293093
               0.134       0.11871164433
               0.136       0.12119910613
               0.138       0.12370474717
                0.14       0.12622798171
               0.142       0.12876820947
               0.144       0.13132481608
               0.146       0.13389717367
               0.148        0.1364846414
                0.15       0.13908656598
               0.152       0.14170228221
               0.154       0.14433111352
               0.156       0.14697237249
               0.158       0.14962536135
                0.16       0.15228937257
               0.162       0.15496368929
               0.164       0.15764758589
               0.166       0.16034032847
               0.168       0.16304117537
                0.17       0.16574937763
               0.172       0.16846417953
               0.174       0.17118482057
               0.176       0.17391053922
               0.178       0.17664057431
                0.18        0.1793741656
               0.182       0.18211055428
               0.184       0.18484898358
               0.186       0.18758869926
               0.188       0.19032895014
                0.19       0.19306898864
               0.192       0.19580807124
               0.194       0.19854545899
               0.196         0.201280418
               0.198       0.20401221989
                 0.2       0.20674014223
               0.202       0.20946346903
               0.204       0.21218149113
               0.206       0.21489350665
               0.208       0.21759882136
                0.21        0.2202967491
               0.212       0.22298661217
               0.214        0.2256677417
               0.216       0.22833947796
               0.218       0.23100117079
                0.22       0.23365217985
               0.222       0.23629187499
               0.224       0.23891963655
               0.226       0.24153485566
               0.228       0.24413693448
                0.23       0.24672528654
               0.232       0.24929933695
               0.234       0.25185852265
               0.236       0.25440229266
               0.238        0.2569301083
                0.24       0.25944144338
               0.242       0.26193578442
               0.244        0.2644126308
               0.246       0.26687149499
               0.248       0.26931190264
                0.25       0.27173339277
               0.252       0.27413551793
               0.254       0.27651784427
               0.256       0.27887995166
               0.258       0.28122143385
                0.26       0.28354189849
               0.262       0.28584096726
               0.264       0.28811827588
               0.266       0.29037347425
               0.268       0.29260622641
                0.27       0.29481621063
               0.272       0.29700311979
               0.274       0.29916666542
               0.276       0.30130658143
               0.278       0.30342262391
                0.28       0.30551457058
               0.282       0.30758222022
               0.284        0.3096253922
               0.286       0.31164392592
               0.288       0.31363768392
                0.29       0.31560656434
               0.292       0.31755050457
               0.294       0.31946947951
               0.296       0.32136349971
               0.298       0.32323260969
                 0.3       0.32507688619
               0.302       0.32689643655
               0.304       0.32869139711
               0.306       0.33046193166
               0.308       0.33220822996
                0.31       0.33393050628
               0.312       0.33562899803
               0.314       0.33730396435
               0.316       0.33895568484
               0.318        0.3405844583
                0.32       0.34219060144
               0.322       0.34377444775
               0.324        0.3453363463
               0.326       0.34687666065
               0.328       0.34839576777
                0.33       0.34989405696
               0.332       0.35137192888
               0.334       0.35282979453
               0.336       0.35426807432
               0.338       0.35568719714
                0.34       0.35708759949
               0.342       0.35846972458
               0.344       0.35983402151
               0.346       0.36118094448
               0.348       0.36251095198
                0.35       0.36382450602
               0.352       0.36512207146
               0.354        0.3664041152
               0.356       0.36767110558
               0.358       0.36892351164
                0.36       0.37016180253
               0.362       0.37138644684
               0.364       0.37259791201
               0.366       0.37379666373
               0.368        0.3749831654
                0.37       0.37615787751
               0.372       0.37732125718
               0.374       0.37847375759
               0.376       0.37961582747
               0.378       0.38074791064
                0.38       0.38187044552
               0.382       0.38298386466
               0.384       0.38408859429
               0.386        0.3851850539
               0.388       0.38627365582
                0.39       0.38735480477
               0.392       0.38842889751
               0.394       0.38949632243
               0.396       0.39055745915
               0.398       0.39161267819
                 0.4       0.39266234061
               0.402       0.39370679762
               0.404       0.39474639028
               0.406       0.39578144941
               0.408       0.39681229708
                0.41       0.39783924793
               0.412       0.39886260899
               0.414       0.39988267948
               0.416       0.40089975054
               0.418       0.40191410506
                0.42       0.40292601744
               0.422       0.40393575338
               0.424       0.40494356969
               0.426       0.40594971409
               0.428         0.406954425
                0.43        0.4079579314
               0.432       0.40896045258
               0.434       0.40996219803
               0.436       0.41096336722
               0.438       0.41196414945
                0.44       0.41296472365
               0.442       0.41396525866
               0.444       0.41496591587
               0.446       0.41596685146
               0.448       0.41696821643
                0.45        0.4179701566
               0.452       0.41897281252
               0.454       0.41997631943
               0.456       0.42098080721
               0.458       0.42198640034
                0.46       0.42299321786
               0.462        0.4240013733
               0.464       0.42501097466
               0.466       0.42602212435
               0.468       0.42703491917
                0.47       0.42804945024
               0.472       0.42906580297
               0.474       0.43008405703
               0.476       0.43110428627
               0.478       0.43212655875
                0.48       0.43315093662
               0.482       0.43417747612
               0.484       0.43520622754
               0.486       0.43623723516
               0.488       0.43727053724
                0.49       0.43830616591
               0.492       0.43934414723
               0.494       0.44038450104
               0.496       0.44142724098
               0.498       0.44247237445
                 0.5       0.44351990288
               0.502       0.44456982632
               0.504       0.44562214795
               0.506         0.446676874
               0.508       0.44773401311
                0.51       0.44879357572
               0.512       0.44985557347
               0.514       0.45092001864
               0.516        0.4519869236
               0.518       0.45305630024
                0.52       0.45412815949
               0.522       0.45520251076
               0.524        0.4562793615
               0.526        0.4573587167
               0.528       0.45844057842
                0.53       0.45952494535
               0.532       0.46061181238
               0.534       0.46170117018
               0.536       0.46279300477
               0.538       0.46388729716
                0.54       0.46498402293
               0.542       0.46608315187
               0.544        0.4671846479
               0.546       0.46828847051
               0.548        0.4693945757
                0.55        0.4705029155
               0.552       0.47161343761
               0.554       0.47272608672
               0.556       0.47384080601
               0.558       0.47495753692
                0.56       0.47607621878
               0.562       0.47719678843
               0.564       0.47831917987
               0.566       0.47944332394
               0.568       0.48056914794
                0.57       0.48169657537
               0.572       0.48282552558
               0.574        0.4839559135
               0.576       0.48508764936
               0.578       0.48622063947
                0.58       0.48735479001
               0.582       0.48849000852
               0.584       0.48962620379
               0.586       0.49076328577
               0.588       0.49190116545
                0.59       0.49303975471
               0.592       0.49417896631
               0.594       0.49531871369
               0.596       0.49645891099
               0.598        0.4975994729
                 0.6       0.49874031462
               0.602        0.4998813518
               0.604       0.50102250046
               0.606       0.50216367696
               0.608       0.50330479793
                0.61       0.50444578025
               0.612         0.505586541
               0.614       0.50672699741
               0.616       0.50786706687
               0.618       0.50900666688
                0.62       0.51014571502
               0.622       0.51128412898
               0.624       0.51242182649
               0.626       0.51355872535
               0.628       0.51469474339
                0.63       0.51582979851
               0.632       0.51696380866
               0.634       0.51809669182
               0.636       0.51922836605
               0.638       0.52035874946
                0.64       0.52148776025
               0.642       0.52261531668
               0.644       0.52374133715
               0.646       0.52486574015
               0.648       0.52598844431
                0.65       0.52710936845
               0.652       0.52822843152
               0.654        0.5293455527
               0.656       0.53046065141
               0.658       0.53157364728
                0.66       0.53268446026
               0.662       0.53379301057
               0.664       0.53489921879
               0.666       0.53600300584
               0.668       0.53710429306
                0.67       0.53820300217
               0.672       0.53929905539
               0.674       0.54039237539
               0.676       0.54148288536
               0.678       0.54257050905
                0.68       0.54365517078
               0.682       0.54473679547
               0.684       0.54581530869
               0.686        0.5468906367
               0.688       0.54796270645
                0.69       0.54903144561
               0.692       0.55009678265
               0.694       0.55115864682
               0.696       0.55221696821
               0.698       0.55327167776
                 0.7       0.55432270731
               0.702        0.5553699896
               0.704       0.55641345835
               0.706       0.55745304823
               0.708       0.55848869493
                0.71       0.55952033515
               0.712       0.56054790668
               0.714       0.56157134835
               0.716       0.56259060013
               0.718        0.5636056031
                0.72       0.56461629952
               0.722        0.5656226328
               0.724       0.56662454756
               0.726       0.56762198963
               0.728       0.56861490607
                0.73       0.56960324523
               0.732       0.57058695668
               0.734       0.57156599133
               0.736       0.57254030135
               0.738       0.57350984027
                0.74       0.57447456291
               0.742       0.57543442546
               0.744       0.57638938547
               0.746       0.57733940183
               0.748       0.57828443482
                0.75       0.57922444609
               0.752        0.5801593987
               0.754       0.58108925708
               0.756       0.58201398706
               0.758       0.58293355589
                0.76       0.58384793218
               0.762       0.58475708599
               0.764       0.58566098876
               0.766       0.58655961332
               0.768       0.58745293392
                0.77       0.58834092619
               0.772       0.58922356715
               0.774        0.5901008352
               0.776       0.59097271012
               0.778       0.59183917304
                0.78       0.59270020648
               0.782       0.59355579426
               0.784       0.59440592157
               0.786       0.59525057489
               0.788       0.59608974343
                0.79       0.59692342685
               0.792       0.59775163928
               0.794       0.59857440878
               0.796       0.59939177664
               0.798       0.60020379667
                 0.8        0.6010105345
               0.802       0.60181206699
               0.804       0.60260848151
               0.806       0.60339987538
               0.808       0.60418635523
                0.81       0.60496803644
               0.812       0.60574504256
               0.814       0.60651750475
               0.816       0.60728556128
               0.818       0.60804935696
                0.82       0.60880904266
               0.822       0.60956477486
               0.824       0.61031671509
               0.826       0.61106502956
               0.828       0.61180988865
                0.83       0.61255146652
               0.832       0.61328994064
               0.834       0.61402549145
               0.836       0.61475830192
               0.838       0.61548855718
                0.84       0.61621644415
               0.842       0.61694215121
               0.844       0.61766586779
               0.846       0.61838778411
               0.848       0.61910809079
                0.85       0.61982697859
               0.852       0.62054463807
               0.854       0.62126125931
               0.856       0.62197703164
               0.858       0.62269214332
                0.86       0.62340678134
               0.862       0.62412113111
               0.864       0.62483537623
               0.866       0.62554969827
               0.868       0.62626427649
                0.87       0.62697928767
               0.872       0.62769490588
               0.874       0.62841130226
               0.876        0.6291286448
               0.878        0.6298470982
                0.88       0.63056682366
               0.882       0.63128797867
               0.884       0.63201071688
               0.886       0.63273518793
               0.888       0.63346153723
                0.89       0.63418990591
               0.892       0.63492043058
               0.894       0.63565324322
               0.896       0.63638847105
               0.898        0.6371262364
                 0.9       0.63786665656
               0.902       0.63860984368
               0.904       0.63935590465
               0.906       0.64010494104
               0.908       0.64085704914
                0.91       0.64161231991
               0.912       0.64237083882
               0.914        0.6431326858
               0.916       0.64389793511
               0.918       0.64466665521
                0.92       0.64543890874
               0.922       0.64621475236
               0.924       0.64699423674
               0.926         0.647777407
               0.928       0.64856430322
                0.93       0.64935496044
               0.932       0.65014940861
               0.934       0.65094767253
               0.936       0.65174977182
               0.938       0.65255572085
                0.94       0.65336552873
               0.942       0.65417919924
               0.944       0.65499673104
               0.946       0.65581811933
               0.948       0.65664335691
                0.95       0.65747243425
               0.952       0.65830533953
               0.954       0.65914205864
               0.956        0.6599825752
               0.958       0.66082687061
                0.96       0.66167492402
               0.962        0.6625267124
               0.964       0.66338221056
               0.966       0.66424139114
               0.968        0.6651042247
                0.97        0.6659706797
               0.972       0.66684072255
               0.974       0.66771431763
               0.976       0.66859142736
               0.978       0.66947201219
                0.98       0.67035603066
               0.982        0.6712434394
               0.984       0.67213419324
               0.986       0.67302824516
               0.988       0.67392554641
                0.99       0.67482604646
               0.992       0.67572969313
               0.994       0.67663643256
               0.996       0.67754620928
               0.998       0.67845896625
                   1       0.67937464544
               1.002       0.68029318954
               1.004       0.68121454255
               1.006       0.68213864965
               1.008       0.68306545713
                1.01       0.68399491233
               1.012       0.68492696347
               1.014       0.68586155966
               1.016       0.68679865078
               1.018       0.68773818741
                1.02       0.68868012074
               1.022       0.68962440254
               1.024       0.69057098508
               1.026       0.69151982106
               1.028       0.69247086355
                1.03       0.69342406594
               1.032       0.69437938191
               1.034       0.69533676534
               1.036       0.69629617027
               1.038       0.69725755089
                1.04       0.69822086145
               1.042       0.69918605625
               1.044        0.7001530896
               1.046       0.70112191575
               1.048       0.70209248891
                1.05       0.70306476318
               1.052       0.70403869255
               1.054        0.7050142311
               1.056       0.70599133318
               1.058       0.70696995338
                1.06       0.70795004646
               1.062       0.70893156734
               1.064       0.70991447102
               1.066       0.71089871256
               1.068       0.71188424708
                1.07       0.71287102965
               1.072        0.7138590153
               1.074       0.71484815902
               1.076       0.71583841564
               1.078       0.71682973989
                1.08       0.71782208633
               1.082       0.71881540933
               1.084       0.71980966305
               1.086       0.72080480142
               1.088       0.72180077809
                1.09       0.72279754646
               1.092       0.72379505963
               1.094       0.72479327039
               1.096       0.72579213117
               1.098        0.7267915941
                 1.1       0.72779161093
               1.102       0.72879213301
               1.104       0.72979311135
               1.106       0.73079449654
               1.108       0.73179623875
                1.11       0.73279828775
               1.112       0.73380059286
               1.114       0.73480310298
               1.116       0.73580576656
               1.118       0.73680853159
                1.12       0.73781134572
               1.122       0.73881415633
               1.124       0.73981691057
               1.126       0.74081955532
               1.128       0.74182203718
                1.13       0.74282430248
               1.132        0.7438262972
               1.134       0.74482796704
               1.136       0.74582925734
               1.138        0.7468301131
                1.14       0.74783047897
               1.142       0.74883029921
               1.144       0.74982951773
               1.146       0.75082807802
               1.148       0.75182592318
                1.15       0.75282299589
               1.152       0.75381923841
               1.154       0.75481459259
               1.156       0.75580899981
               1.158       0.75680240103
                1.16       0.75779473673
               1.162       0.75878594695
               1.164       0.75977597124
               1.166       0.76076474868
               1.168       0.76175221786
                1.17       0.76273831688
               1.172       0.76372298334
               1.174       0.76470615432
               1.176        0.7656877664
               1.178       0.76666775563
                1.18       0.76764605754
               1.182       0.76862260711
               1.184        0.7695973388
               1.186       0.77057018649
               1.188       0.77154108355
                1.19       0.77250996273
               1.192       0.77347675627
               1.194       0.77444139579
               1.196       0.77540381235
               1.198       0.77636393641
                 1.2       0.77732169784
               1.202        0.7782770259
               1.204       0.77922984925
               1.206       0.78018009591
               1.208        0.7811276933
                1.21       0.78207256819
               1.212        0.7830146467
               1.214       0.78395385433
               1.216       0.78489011589
               1.218       0.78582335564
                1.22       0.78675349804
               1.222       0.78768046824
               1.224       0.78860419218
               1.226       0.78952459657
               1.228        0.7904416089
                1.23       0.79135515745
               1.232       0.79226517131
               1.234       0.79317158038
               1.236       0.79407431536
               1.238       0.79497330781
                1.24       0.79586849008
               1.242        0.7967597954
               1.244       0.79764715782
               1.246       0.79853051233
               1.248       0.79940979588
                1.25       0.80028494873
               1.252       0.80115591449
               1.254       0.80202263999
               1.256       0.80288507522
               1.258       0.80374317316
                1.26       0.80459688974
               1.262       0.80544618368
               1.264       0.80629101644
               1.266       0.80713135211
               1.268        0.8079671573
                1.27       0.80879840104
               1.272       0.80962505475
               1.274       0.81044709211
               1.276       0.81126448923
               1.278       0.81207722482
                1.28       0.81288528008
               1.282       0.81368863862
               1.284       0.81448728645
               1.286       0.81528121186
               1.288       0.81607040534
                1.29       0.81685485956
               1.292       0.81763456929
               1.294       0.81840953132
               1.296       0.81917974439
               1.298       0.81994520918
                 1.3        0.8207059282
               1.302       0.82146190575
               1.304       0.82221314789
               1.306       0.82295966234
               1.308       0.82370145845
                1.31       0.82443854715
               1.312       0.82517094091
               1.314       0.82589865367
               1.316       0.82662170079
               1.318       0.82734009903
                1.32       0.82805386646
               1.322       0.82876302247
               1.324       0.82946758768
               1.326       0.83016758393
               1.328       0.83086303421
                1.33       0.83155396264
               1.332       0.83224039442
               1.334       0.83292235578
               1.336       0.83359987399
               1.338       0.83427297726
                1.34       0.83494169473
               1.342       0.83560605647
               1.344       0.83626609336
               1.346       0.83692183715
               1.348       0.83757332037
                1.35        0.8382205763
               1.352       0.83886363897
               1.354       0.83950254308
               1.356       0.84013732404
               1.358       0.84076801784
                1.36       0.84139466114
               1.362       0.84201729112
               1.364       0.84263594555
               1.366        0.8432506627
               1.368       0.84386148136
                1.37       0.84446844076
               1.372       0.84507158059
               1.374       0.84567094095
               1.376       0.84626656232
               1.378       0.84685848572
                1.38       0.84744675394
               1.382       0.84803141244
               1.384       0.84861250933
               1.386       0.84919009522
               1.388        0.8497642231
                1.39       0.85033494821
               1.392       0.85090232791
               1.394       0.85146642162
               1.396       0.85202729061
               1.398       0.85258499799
                 1.4       0.85313960853
               1.402       0.85369118858
               1.404       0.85423980596
               1.406       0.85478552988
               1.408       0.85532843081
                1.41       0.85586858039
               1.412       0.85640605136
               1.414       0.85694091745
               1.416       0.85747325329
               1.418       0.85800313431
                1.42       0.85853063669
               1.422       0.85905583724
               1.424       0.85957881335
               1.426       0.86009964289
               1.428       0.86061840412
                1.43       0.86113517566
               1.432       0.86165003637
               1.434        0.8621630653
               1.436       0.86267434163
               1.438       0.86318394458
                1.44       0.86369195334
               1.442       0.86419844703
               1.444       0.86470350463
               1.446       0.86520720489
               1.448       0.86570962632
                1.45       0.86621084706
               1.452       0.86671094492
               1.454       0.86720999722
               1.456        0.8677080808
               1.458       0.86820527198
                1.46       0.86870164643
               1.462        0.8691972792
               1.464       0.86969224463
               1.466       0.87018661632
               1.468       0.87068046706
                1.47        0.8711738688
               1.472       0.87166689262
               1.474       0.87215960865
               1.476       0.87265208606
               1.478       0.87314439299
                1.48       0.87363659655
               1.482       0.87412876274
               1.484       0.87462095643
               1.486       0.87511324132
               1.488       0.87560567991
                1.49       0.87609833346
               1.492       0.87659126193
               1.494       0.87708452401
               1.496         0.877578177
               1.498       0.87807227687
                 1.5       0.87856687815
               1.502       0.87906203394
               1.504       0.87955779588
               1.506       0.88005421412
               1.508       0.88055133726
                1.51       0.88104921237
               1.512       0.88154788492
               1.514       0.88204739879
               1.516       0.88254779622
               1.518       0.88304911779
                1.52        0.8835514024
               1.522       0.88405468725
               1.524        0.8845590078
               1.526       0.88506439775
               1.528       0.88557088905
                1.53       0.88607851184
               1.532       0.88658729442
               1.534       0.88709726328
               1.536       0.88760844304
               1.538       0.88812085644
                1.54       0.88863452431
               1.542       0.88914946559
               1.544       0.88966569724
               1.546        0.8901832343
               1.548       0.89070208982
                1.55       0.89122227487
               1.552        0.8917437985
               1.554       0.89226666774
               1.556       0.89279088757
               1.558       0.89331646094
                1.56       0.89384338869
               1.562       0.89437166959
               1.564       0.89490130032
               1.566       0.89543227542
               1.568       0.89596458729
                1.57       0.89649822621
               1.572       0.89703318028
               1.574       0.89756943542
               1.576       0.89810697539
               1.578        0.8986457817
                1.58       0.89918583369
               1.582       0.89972710845
               1.584       0.90026958082
               1.586       0.90081322342
               1.588        0.9013580067
                1.59       0.90190390002
               1.592       0.90245087231
               1.594       0.90299889216
               1.596       0.90354792781
               1.598       0.90409794718
                 1.6       0.90464891787
               1.602       0.90520080716
               1.604       0.90575358206
               1.606       0.90630720926
               1.608       0.90686165521
                1.61       0.90741688608
               1.612        0.9079728678
               1.614       0.90852956604
               1.616       0.90908694626
               1.618        0.9096449737
                1.62       0.91020361338
               1.622       0.91076283014
               1.624       0.91132258863
               1.626       0.91188285332
               1.628       0.91244358853
                1.63        0.9130047584
               1.632       0.91356632697
               1.634       0.91412825811
               1.636       0.91469051559
               1.638       0.91525306306
                1.64       0.91581586407
               1.642        0.9163788821
               1.644       0.91694208052
               1.646       0.91750542264
               1.648       0.91806887173
                1.65       0.91863239097
               1.652       0.91919594354
               1.654       0.91975949257
               1.656       0.92032300115
               1.658       0.92088643239
                1.66       0.92144974938
               1.662       0.92201291522
               1.664       0.92257589301
               1.666        0.9231386459
               1.668       0.92370113705
                1.67       0.92426332966
               1.672       0.92482518699
               1.674       0.92538667235
               1.676       0.92594774912
               1.678       0.92650838075
                1.68       0.92706853076
               1.682       0.92762816276
               1.684       0.92818724048
               1.686       0.92874572771
               1.688        0.9293035884
                1.69       0.92986078656
               1.692       0.93041728638
               1.694       0.93097305213
               1.696       0.93152804825
               1.698       0.93208223931
                 1.7       0.93263559002
               1.702       0.93318806526
               1.704       0.93373963007
               1.706       0.93429024964
               1.708       0.93483988935
                1.71       0.93538851474
               1.712       0.93593609155
               1.714       0.93648258569
               1.716       0.93702796328
               1.718       0.93757219061
                1.72        0.9381152342
               1.722       0.93865706075
               1.724       0.93919763718
               1.726       0.93973693064
               1.728       0.94027490847
                1.73       0.94081153823
               1.732       0.94134678773
               1.734       0.94188062514
               1.736       0.94241301996
               1.738       0.94294394351
                1.74       0.94347336895
               1.742       0.94400127121
               1.744       0.94452762695
               1.746       0.94505241447
               1.748       0.94557561371
                1.75       0.94609720613
               1.752       0.94661717472
               1.754       0.94713550388
               1.756       0.94765217942
               1.758       0.94816718849
                1.76       0.94868051951
               1.762       0.94919216216
               1.764        0.9497021073
               1.766       0.95021034693
               1.768       0.95071687418
                1.77       0.95122168319
               1.772       0.95172476913
               1.774       0.95222612814
               1.776       0.95272575728
               1.778        0.9532236545
                1.78       0.95371981857
               1.782       0.95421424908
               1.784        0.9547069464
               1.786       0.95519791159
               1.788       0.95568714642
                1.79       0.95617465333
               1.792       0.95666043534
               1.794       0.95714449609
               1.796       0.95762683974
               1.798         0.958107471
                 1.8       0.95858639503
               1.802       0.95906361747
               1.804       0.95953914437
               1.806       0.96001298217
               1.808       0.96048513768
                1.81       0.96095561804
               1.812       0.96142443069
               1.814       0.96189158337
               1.816       0.96235708403
               1.818       0.96282094089
                1.82       0.96328316234
               1.822       0.96374375695
               1.824       0.96420273344
               1.826       0.96466010066
               1.828       0.96511586755
                1.83       0.96557004314
               1.832        0.9660226365
               1.834       0.96647365676
               1.836       0.96692311304
               1.838       0.96737101446
                1.84       0.96781737011
               1.842       0.96826218901
               1.844       0.96870548016
               1.846       0.96914725243
               1.848       0.96958751459
                1.85       0.97002627529
               1.852       0.97046354304
               1.854        0.9708993262
               1.856       0.97133363292
               1.858       0.97176647117
                1.86       0.97219784875
               1.862       0.97262777339
               1.864       0.97305625298
               1.866       0.97348329576
               1.868       0.97390891113
                1.87       0.97433310987
               1.872        0.9747559041
               1.874       0.97517730723
               1.876       0.97559733386
               1.878        0.9760159998
                1.88       0.97643332194
               1.882       0.97684931825
               1.884        0.9772640077
               1.886       0.97767741022
               1.888       0.97808954666
                1.89       0.97850043871
               1.892        0.9789101089
               1.894       0.97931858051
               1.896       0.97972587757
               1.898       0.98013202476
                 1.9       0.98053704743
               1.902       0.98094097152
               1.904        0.9813438235
               1.906       0.98174563041
               1.908       0.98214641973
                1.91       0.98254621941
               1.912       0.98294505778
               1.914       0.98334296357
               1.916       0.98373996584
               1.918       0.98413609393
                1.92       0.98453137748
               1.922       0.98492584637
               1.924       0.98531953067
               1.926       0.98571246063
               1.928       0.98610466667
                1.93       0.98649617935
               1.932       0.98688702937
               1.934        0.9872772476
               1.936       0.98766686497
               1.938       0.98805591253
                1.94       0.98844442136
               1.942       0.98883242259
               1.944       0.98921994736
               1.946       0.98960702678
               1.948       0.98999369195
                1.95        0.9903799739
               1.952       0.99076590359
               1.954       0.99115151189
               1.956       0.99153682954
               1.958       0.99192188718
                1.96       0.99230671528
               1.962       0.99269134413
               1.964       0.99307580385
               1.966       0.99346012437
               1.968       0.99384433539
                1.97       0.99422846638
               1.972       0.99461254657
               1.974       0.99499660491
               1.976       0.99538067009
               1.978       0.99576477053
                1.98       0.99614893431
               1.982       0.99653318921
               1.984       0.99691756271
               1.986       0.99730208192
               1.988       0.99768677361
                1.99        0.9980716642
               1.992       0.99845677973
               1.994       0.99884214587
               1.996       0.99922778799
               1.998       0.99961373112
                   2                   1
