                0.02      0.015199860498      0.036309951702
                0.04      0.030465756793      0.072442294626
                0.06      0.046015575036       0.10776137336
                0.08      0.061677568742       0.14197843804
                 0.1      0.077417979636       0.17479621182
                0.12      0.093580980264        0.2050156844
                0.14       0.11038308308       0.23471632294
                0.16       0.12669720974       0.26263221883
                0.18       0.14275149488       0.28882325865
                 0.2       0.16008743182       0.31202662094
                0.22       0.17538364323       0.33284770219
                0.24       0.19301080219       0.35359903351
                0.26       0.21148909881       0.37379318615
                0.28       0.22903143243       0.39295233631
                 0.3       0.24535441238       0.41024253269
                0.32       0.26333930546       0.42941636185
                0.34       0.28007894732       0.44735165443
                0.36       0.29771836455       0.46491721387
                0.38       0.31375925916       0.48061845522
                 0.4       0.33071162413       0.49902035132
                0.42       0.34871452636        0.5174850072
                0.44       0.36442790035       0.53551918451
                0.46       0.38155196523       0.55384006943
                0.48       0.39733053028       0.56911854835
                 0.5       0.41311402759       0.58435612167
                0.52       0.42895677062       0.59984150536
                0.54       0.44382694544       0.61401358577
                0.56       0.45946772052       0.62928785034
                0.58       0.47478192295       0.64343832308
                 0.6       0.49005484381       0.65785164645
                0.62       0.50285160363       0.66932880652
                0.64       0.51620393444       0.68186812133
                0.66       0.52882775567       0.69424030627
                0.68       0.54075932266       0.70581310328
                 0.7       0.55287760155       0.71640451793
                0.72       0.56579240269       0.72821367908
                0.74       0.57719950365       0.73965685088
                0.76       0.58674275099        0.7493433385
                0.78       0.59962649022       0.75834299017
                 0.8       0.60908776147       0.76645796267
                0.82       0.61855365187        0.7773127014
                0.84       0.62736466211       0.78509253472
                0.86       0.63579976561       0.79076082379
                0.88       0.64652530254       0.79654510599
                 0.9        0.6539981138       0.80224780667
                0.92       0.66223117826       0.81019811474
                0.94       0.67088691875        0.8163690614
                0.96       0.67942264097       0.82348978561
                0.98       0.68469823892       0.82884460671
                   1       0.69322025663       0.83660404798
                1.02       0.70196252506       0.84259269328
                1.04       0.70964843952       0.84724765111
                1.06       0.71818509034       0.85325276639
                1.08       0.72564456253       0.85920992432
                 1.1       0.73198542775       0.86451888666
                1.12       0.74193529718       0.87074386054
                1.14       0.74957522868       0.87835682468
                1.16       0.75996458052       0.88527127128
                1.18       0.76777506621       0.89203631962
                 1.2       0.77546907178       0.89766304553
                1.22       0.78389961066         0.903924939
                1.24       0.79484243341       0.90945335734
                1.26       0.80548554177       0.91364432639
                1.28       0.81381160035       0.91915628713
                 1.3       0.82296891027       0.92451354853
                1.32       0.83076915053       0.92850371254
                1.34       0.83873331165       0.93294508674
                1.36        0.8446261158       0.93677892662
                1.38       0.85140365357       0.94138153452
                 1.4       0.85566633337       0.94490440783
                1.42       0.86055552463        0.9488737756
                1.44        0.8636979691        0.9521267981
                1.46       0.86768541298       0.95497272034
                1.48       0.87116491262       0.95817169843
                 1.5       0.87607505643       0.96085586399
                1.52       0.87884664453       0.96349597806
                1.54       0.88017629118       0.96538266433
                1.56       0.88332953394       0.96723535171
                1.58       0.88638016721       0.96863219882
                 1.6       0.88822928304       0.97119317194
                1.62       0.89351272358       0.97343553047
                1.64       0.89777324171       0.97519090776
                1.66       0.89881937812       0.97700083134
                1.68       0.90408277497       0.97909184383
                 1.7       0.90790828426       0.98143401485
                1.72       0.91199858687       0.98366504982
                1.74       0.91424168283       0.98586723897
                1.76       0.91868777701       0.98783538488
                1.78        0.9202366514       0.98984569848
                 1.8       0.92278046136       0.99178434332
                1.82        0.9267665066       0.99352964588
                1.84       0.93259262795       0.99489695156
                1.86       0.93505872904       0.99629782715
                1.88       0.93728141846       0.99737847039
                 1.9       0.94009535519       0.99824819959
                1.92       0.94632473875       0.99884647457
                1.94       0.95439161402       0.99939904583
                1.96        0.9661618639       0.99970135236
                1.98       0.98202183291       0.99988157099
