                0.02               0.066
                0.04               0.065
                0.06               0.064
                0.08               0.064
                 0.1               0.064
                0.12               0.064
                0.14               0.063
                0.16                0.06
                0.18               0.061
                 0.2               0.059
                0.22               0.057
                0.24               0.057
                0.26               0.055
                0.28               0.054
                 0.3                0.06
                0.32                0.06
                0.34               0.058
                0.36               0.056
                0.38               0.056
                 0.4               0.056
                0.42               0.053
                0.44               0.047
                0.46               0.048
                0.48               0.045
                 0.5               0.044
                0.52               0.041
                0.54               0.043
                0.56               0.044
                0.58               0.047
                 0.6               0.047
                0.62               0.048
                0.64               0.044
                0.66               0.042
                0.68               0.044
                 0.7               0.045
                0.72               0.047
                0.74               0.048
                0.76               0.049
                0.78               0.044
                 0.8               0.044
                0.82               0.042
                0.84               0.044
                0.86               0.048
                0.88               0.051
                 0.9               0.051
                0.92                0.05
                0.94               0.047
                0.96               0.046
                0.98               0.043
                   1               0.042
                1.02                0.04
                1.04               0.041
                1.06               0.037
                1.08               0.039
                 1.1               0.042
                1.12               0.039
                1.14               0.038
                1.16               0.038
                1.18               0.037
                 1.2               0.039
                1.22               0.038
                1.24               0.038
                1.26               0.041
                1.28               0.038
                 1.3               0.036
                1.32               0.037
                1.34               0.039
                1.36               0.041
                1.38               0.041
                 1.4               0.037
                1.42               0.041
                1.44               0.043
                1.46               0.045
                1.48               0.048
                 1.5               0.048
                1.52               0.045
                1.54               0.046
                1.56               0.046
                1.58               0.049
                 1.6               0.047
                1.62               0.044
                1.64               0.043
                1.66               0.042
                1.68               0.042
                 1.7               0.039
                1.72               0.039
                1.74               0.039
                1.76               0.039
                1.78               0.038
                 1.8               0.038
                1.82               0.038
                1.84               0.037
                1.86               0.037
                1.88               0.037
                 1.9               0.032
                1.92               0.032
                1.94                0.03
                1.96                0.03
                1.98               0.031
