                0.02               0.053
                0.04               0.052
                0.06                0.05
                0.08               0.048
                 0.1               0.049
                0.12               0.053
                0.14               0.051
                0.16               0.052
                0.18               0.048
                 0.2               0.052
                0.22               0.059
                0.24               0.061
                0.26               0.054
                0.28               0.053
                 0.3               0.056
                0.32               0.055
                0.34               0.055
                0.36               0.056
                0.38               0.053
                 0.4               0.054
                0.42               0.055
                0.44               0.055
                0.46               0.054
                0.48               0.051
                 0.5               0.049
                0.52               0.049
                0.54               0.044
                0.56               0.045
                0.58               0.043
                 0.6               0.047
                0.62               0.047
                0.64               0.045
                0.66               0.047
                0.68               0.049
                 0.7               0.049
                0.72               0.055
                0.74                0.06
                0.76               0.058
                0.78               0.059
                 0.8               0.059
                0.82               0.061
                0.84               0.059
                0.86                0.06
                0.88                0.06
                 0.9               0.065
                0.92               0.065
                0.94               0.064
                0.96               0.062
                0.98                0.06
                   1               0.059
                1.02               0.055
                1.04               0.051
                1.06               0.052
                1.08               0.052
                 1.1                0.05
                1.12               0.049
                1.14               0.045
                1.16               0.046
                1.18               0.046
                 1.2               0.046
                1.22               0.043
                1.24               0.046
                1.26               0.048
                1.28               0.048
                 1.3               0.047
                1.32               0.043
                1.34               0.045
                1.36               0.047
                1.38                0.05
                 1.4               0.053
                1.42               0.054
                1.44               0.057
                1.46               0.057
                1.48               0.052
                 1.5               0.052
                1.52               0.051
                1.54               0.049
                1.56               0.045
                1.58                0.05
                 1.6                0.05
                1.62                0.05
                1.64               0.048
                1.66               0.049
                1.68               0.048
                 1.7                0.05
                1.72               0.049
                1.74               0.048
                1.76               0.047
                1.78               0.046
                 1.8               0.042
                1.82               0.041
                1.84               0.042
                1.86               0.041
                1.88               0.044
                 1.9               0.044
                1.92               0.045
                1.94               0.045
                1.96               0.047
                1.98               0.048
