                0.02                0.21
                0.04                0.18
                0.06                0.18
                0.08                0.18
                 0.1                0.16
                0.12                0.13
                0.14                0.13
                0.16                0.11
                0.18                0.12
                 0.2                 0.1
                0.22                0.09
                0.24                0.09
                0.26                0.05
                0.28                0.04
                 0.3                0.03
                0.32                0.04
                0.34                0.02
                0.36                0.03
                0.38                0.03
                 0.4                0.03
                0.42                0.03
                0.44                0.02
                0.46                0.02
                0.48                0.03
                 0.5                0.04
                0.52                0.04
                0.54                0.05
                0.56                0.06
                0.58                0.06
                 0.6                0.06
                0.62                0.07
                0.64                0.07
                0.66                0.07
                0.68                0.06
                 0.7                0.05
                0.72                0.05
                0.74                0.04
                0.76                0.05
                0.78                0.05
                 0.8                0.08
                0.82                0.08
                0.84                0.08
                0.86                0.07
                0.88                0.07
                 0.9                0.08
                0.92                0.08
                0.94                0.08
                0.96                0.09
                0.98                0.11
                   1                0.08
                1.02                0.09
                1.04                0.09
                1.06                0.08
                1.08                 0.1
                 1.1                0.09
                1.12                0.08
                1.14                0.09
                1.16                0.08
                1.18                0.08
                 1.2                0.05
                1.22                0.04
                1.24                0.04
                1.26                0.06
                1.28                0.08
                 1.3                0.06
                1.32                0.05
                1.34                0.03
                1.36                0.03
                1.38                0.03
                 1.4                0.04
                1.42                0.06
                1.44                0.06
                1.46                0.06
                1.48                0.05
                 1.5                0.05
                1.52                0.07
                1.54                0.06
                1.56                0.06
                1.58                0.05
                 1.6                0.05
                1.62                0.05
                1.64                0.05
                1.66                0.06
                1.68                0.05
                 1.7                0.05
                1.72                0.05
                1.74                0.05
                1.76                0.03
                1.78                0.05
                 1.8                0.07
                1.82                0.08
                1.84                0.08
                1.86                0.09
                1.88                 0.1
                 1.9                0.11
                1.92                0.11
                1.94                0.11
                1.96                 0.1
                1.98                 0.1
