                0.02      0.018905264404      0.029819440463
                0.04      0.037268247255      0.058971769325
                0.06      0.055134204377      0.087404766357
                0.08      0.072537773024       0.11487443568
                 0.1      0.089829436645       0.14146684267
                0.12       0.10644190727        0.1672635486
                0.14       0.12271115277       0.19230407032
                0.16       0.13873004945       0.21646486977
                0.18       0.15429612441        0.2402975637
                 0.2       0.16979191073       0.26412986146
                0.22       0.18532947357       0.28690474983
                0.24       0.20051609656        0.3081990333
                0.26       0.21580509455       0.32958114655
                0.28        0.2304119503       0.34927885796
                 0.3       0.24495080059       0.36929571675
                0.32       0.25997425719       0.38739011908
                0.34       0.27453007894       0.40590705536
                0.36       0.28855560733       0.42375417691
                0.38       0.30182163444       0.44265188278
                 0.4       0.31759366572       0.45970138298
                0.42       0.33375169808       0.47583994884
                0.44       0.34932723903       0.49269256921
                0.46       0.36318444174       0.50992886182
                0.48       0.37908369326       0.52725720818
                 0.5       0.39516756545       0.54361688528
                0.52       0.40964201484       0.55979165177
                0.54       0.42543917272       0.57394237787
                0.56       0.44072116343       0.59035797616
                0.58       0.45655007283       0.60584921334
                 0.6       0.47228566557       0.61942781876
                0.62       0.48712755535        0.6349076998
                0.64       0.50434838798       0.65258665436
                0.66       0.51987474689       0.66627467827
                0.68       0.53398681809       0.68084206268
                 0.7       0.54846208495       0.69519652846
                0.72       0.56563687718       0.70959623418
                0.74       0.57915154779       0.72222472948
                0.76       0.59266606826       0.73528357527
                0.78        0.6067086513       0.74815095554
                 0.8       0.61990218537       0.76122788584
                0.82       0.63702309677       0.77277385564
                0.84       0.64823144574       0.78407427917
                0.86       0.66147683153        0.7944728357
                0.88       0.67462244727       0.80458640948
                 0.9       0.68631265408       0.81460172288
                0.92        0.6961024093       0.82369928952
                0.94       0.70639395167       0.83188116589
                0.96       0.71593360144       0.84001923633
                0.98       0.72504539228       0.84954229236
                   1       0.73357559012       0.85679122621
                1.02       0.74102257844        0.8632104464
                1.04       0.74830344643       0.86959031985
                1.06       0.75611711691       0.87555568233
                1.08       0.76403186301       0.88124450268
                 1.1       0.77009922055       0.88662001375
                1.12       0.77710502734       0.89112954339
                1.14       0.78398871213       0.89616949024
                1.16       0.79083870574       0.90242415047
                1.18        0.7959882637       0.90790440185
                 1.2       0.80341628086       0.91338058495
                1.22       0.81019598351       0.91774024713
                1.24       0.81612303452       0.92040374224
                1.26       0.82226980148       0.92253321338
                1.28       0.82751199529       0.92724683593
                 1.3       0.83294073505       0.93290522096
                1.32       0.83857076108       0.93686667592
                1.34       0.84363349356       0.94010748651
                1.36       0.84881235086       0.94499917271
                1.38       0.85404543918       0.95084731247
                 1.4       0.85979855927       0.95496972612
                1.42       0.86549665621       0.95992830644
                1.44       0.87154143462       0.96428519126
                1.46         0.876738356       0.96823711551
                1.48       0.88218926674       0.97213719317
                 1.5       0.88769119256       0.97595347539
                1.52       0.89303156642        0.9792512503
                1.54        0.8979745461       0.98228468723
                1.56       0.90329382411       0.98485708927
                1.58       0.90851373977       0.98780858878
                 1.6       0.91383132391       0.99072352349
                1.62       0.91936857516       0.99300539468
                1.64       0.92437932513       0.99554445438
                1.66       0.92956871469       0.99780934881
                1.68       0.93444367963         0.999909785
                 1.7       0.93957887021        1.0017378422
                1.72       0.94408454276        1.0033522266
                1.74       0.94840649697        1.0047727655
                1.76       0.95279978282        1.0061578517
                1.78       0.95731986896        1.0072557313
                 1.8       0.96136748059        1.0071233843
                1.82       0.96548948598        1.0079336619
                1.84       0.96952072405        1.0076667455
                1.86       0.97355154338        1.0073578847
                1.88       0.97742348211        1.0069615371
                 1.9       0.98114019502        1.0061161845
                1.92       0.98490330275        1.0050462751
                1.94       0.98867884429        1.0039365556
                1.96       0.99246236406        1.0027388758
                1.98       0.99624252442        1.0013970354
