                   0                   0
       0.09640443161      0.090909090909
       0.13050906485       0.16666666667
       0.15832264303                0.25
       0.25887756998                0.35
       0.43728091029       0.38709677419
       0.59202768143               0.625
       0.60783148434       0.63768115942
       0.84261589628                0.75
       0.86730389895                 0.8
       0.95027175494       0.83035714286
        1.3634523929       0.91666666667
        1.4096436827              0.9375
        1.5254822642       0.94117647059
        1.6022586005       0.98275862069
        1.8517801488                   1
        2					1
