                0.02               0.084
                0.04               0.086
                0.06               0.086
                0.08               0.084
                 0.1               0.084
                0.12               0.082
                0.14               0.072
                0.16               0.076
                0.18               0.074
                 0.2               0.076
                0.22               0.074
                0.24               0.076
                0.26               0.076
                0.28               0.072
                 0.3                0.07
                0.32               0.066
                0.34               0.062
                0.36               0.052
                0.38               0.056
                 0.4               0.048
                0.42               0.048
                0.44               0.044
                0.46               0.046
                0.48               0.048
                 0.5               0.048
                0.52               0.048
                0.54                0.05
                0.56               0.052
                0.58               0.046
                 0.6               0.054
                0.62               0.054
                0.64               0.058
                0.66               0.062
                0.68               0.064
                 0.7               0.066
                0.72               0.068
                0.74               0.064
                0.76               0.062
                0.78                0.06
                 0.8               0.062
                0.82                0.06
                0.84               0.058
                0.86               0.062
                0.88               0.064
                 0.9               0.066
                0.92                0.07
                0.94               0.074
                0.96               0.076
                0.98               0.072
                   1                0.07
                1.02                0.07
                1.04                0.08
                1.06               0.076
                1.08                0.07
                 1.1               0.064
                1.12               0.064
                1.14               0.064
                1.16               0.066
                1.18               0.066
                 1.2               0.066
                1.22               0.062
                1.24                0.06
                1.26               0.062
                1.28               0.064
                 1.3               0.062
                1.32                0.06
                1.34               0.064
                1.36               0.066
                1.38               0.072
                 1.4                0.07
                1.42               0.074
                1.44                0.08
                1.46                0.08
                1.48                0.08
                 1.5                0.08
                1.52               0.086
                1.54               0.086
                1.56               0.088
                1.58               0.096
                 1.6               0.096
                1.62                 0.1
                1.64               0.096
                1.66               0.098
                1.68               0.098
                 1.7               0.102
                1.72               0.104
                1.74               0.104
                1.76               0.102
                1.78               0.102
                 1.8               0.102
                1.82               0.092
                1.84                0.09
                1.86                0.09
                1.88               0.082
                 1.9               0.082
                1.92               0.082
                1.94                0.08
                1.96               0.078
                1.98               0.078
