               0.002     0.0020313851961
               0.004     0.0040626897778
               0.006     0.0060938331403
               0.008     0.0081247346966
                0.01      0.010155313888
               0.012      0.012185490191
               0.014      0.014215183129
               0.016      0.016244312287
               0.018      0.018272797693
                0.02      0.020300560893
               0.022      0.022327525253
               0.024       0.02435361594
               0.026      0.026378759893
               0.028      0.028402885796
                0.03       0.03042592405
               0.032      0.032447806748
               0.034      0.034468467674
               0.036       0.03648784233
               0.038      0.038505867924
                0.04      0.040522483342
               0.042      0.042537629118
               0.044      0.044551247414
               0.046      0.046563281985
               0.048      0.048573678157
                0.05        0.0505823828
               0.052      0.052589344301
               0.054      0.054594512539
               0.056      0.056597838859
               0.058      0.058599276046
                0.06      0.060598778302
               0.062      0.062596301217
               0.064      0.064591801749
               0.066      0.066585238195
               0.068      0.068576570171
                0.07      0.070565758585
               0.072      0.072552765611
               0.074      0.074537554672
               0.076      0.076520090409
               0.078      0.078500338663
                0.08      0.080478266447
               0.082      0.082453841929
               0.084      0.084427034401
               0.086      0.086397814266
               0.088      0.088366153005
                0.09      0.090332023164
               0.092      0.092295398324
               0.094      0.094256253084
               0.096      0.096214563038
               0.098      0.098170304749
                 0.1       0.10012345573
               0.102       0.10207399444
               0.104       0.10402190021
               0.106       0.10596715328
               0.108       0.10790973477
                0.11        0.1098496266
               0.112       0.11178681155
               0.114       0.11372127318
               0.116       0.11565299585
               0.118       0.11758196465
                0.12       0.11950816543
               0.122       0.12143158475
               0.124       0.12335220987
               0.126       0.12527002873
               0.128       0.12718502991
                0.13       0.12909720263
               0.132       0.13100653674
               0.134       0.13291302266
               0.136       0.13481665141
               0.138       0.13671741454
                0.14       0.13861530415
               0.142       0.14051031285
               0.144       0.14240243392
               0.146       0.14429166139
               0.148       0.14617799003
                0.15       0.14806141534
               0.152       0.14994193354
               0.154       0.15181954154
               0.156       0.15369423697
               0.158        0.1555660181
                0.16       0.15743488387
               0.162       0.15930083388
               0.164       0.16116386833
               0.166       0.16302398807
               0.168       0.16488119454
                0.17       0.16673548977
               0.172       0.16858687636
               0.174       0.17043535748
               0.176       0.17228093684
               0.178       0.17412361868
                0.18       0.17596340779
               0.182       0.17780030942
               0.184       0.17963432934
               0.186       0.18146547379
               0.188       0.18329374946
                0.19       0.18511916351
               0.192       0.18694172353
               0.194       0.18876143751
               0.196       0.19057831387
               0.198        0.1923923614
                 0.2       0.19420358928
               0.202       0.19601200705
               0.204        0.1978176246
               0.206       0.19962045214
               0.208        0.2014205002
                0.21       0.20321777964
               0.212       0.20501230157
               0.214       0.20680407739
               0.216       0.20859311876
               0.218       0.21037943757
                0.22       0.21216304597
               0.222       0.21394395627
               0.224       0.21572218102
               0.226       0.21749773293
               0.228       0.21927062488
                0.23       0.22104086989
               0.232       0.22280848111
               0.234       0.22457347183
               0.236       0.22633585542
               0.238       0.22809564533
                0.24       0.22985285508
               0.242       0.23160749824
               0.244       0.23335958842
               0.246       0.23510913923
               0.248       0.23685616429
                0.25       0.23860067718
               0.252       0.24034269147
               0.254       0.24208222066
               0.256       0.24381927817
               0.258       0.24555387733
                0.26       0.24728603137
               0.262       0.24901575338
               0.264       0.25074305629
               0.266       0.25246795289
               0.268       0.25419045584
                0.27       0.25591057815
               0.272       0.25762833341
               0.274       0.25934373579
               0.276       0.26105679998
               0.278       0.26276754115
                0.28       0.26447597493
               0.282       0.26618211736
               0.284       0.26788598486
               0.286       0.26958759418
               0.288       0.27128696237
                0.29       0.27298410675
               0.292       0.27467904485
               0.294       0.27637179457
               0.296       0.27806237428
               0.298       0.27975080283
                 0.3       0.28143709949
               0.302        0.2831212839
               0.304       0.28480337604
               0.306       0.28648339616
               0.308       0.28816136475
                0.31       0.28983730248
               0.312       0.29151123017
               0.314       0.29318316873
               0.316       0.29485313911
               0.318       0.29652116225
                0.32       0.29818725906
               0.322        0.2998514507
               0.324       0.30151375889
               0.326       0.30317420594
               0.328       0.30483281473
                0.33       0.30648960866
               0.332       0.30814461161
               0.334       0.30979784794
               0.336       0.31144934245
               0.338       0.31309912029
                0.34       0.31474720701
               0.342       0.31639362849
               0.344       0.31803841089
               0.346       0.31968158065
               0.348       0.32132316442
                0.35       0.32296318907
               0.352       0.32460168162
               0.354       0.32623866924
               0.356       0.32787417918
               0.358       0.32950823876
                0.36       0.33114087534
               0.362       0.33277211627
               0.364       0.33440198887
               0.366       0.33603052037
               0.368       0.33765773793
                0.37       0.33928366855
               0.372       0.34090833906
               0.374        0.3425317761
               0.376       0.34415400607
               0.378        0.3457750553
                0.38       0.34739495002
               0.382       0.34901371633
               0.384       0.35063138016
               0.386       0.35224796725
               0.388       0.35386350307
                0.39       0.35547801283
               0.392       0.35709152138
               0.394       0.35870405324
               0.396       0.36031563249
               0.398       0.36192628278
                 0.4       0.36353602726
               0.402       0.36514488855
               0.404       0.36675288872
               0.406       0.36836004918
               0.408       0.36996639074
                0.41       0.37157193346
               0.412        0.3731766967
               0.414       0.37478069903
               0.416       0.37638395817
               0.418       0.37798649102
                0.42       0.37958831352
               0.422       0.38118944088
               0.424       0.38278988782
               0.426       0.38438966869
               0.428       0.38598879742
                0.43       0.38758728751
               0.432       0.38918515194
               0.434       0.39078240323
               0.436       0.39237905333
               0.438       0.39397511363
                0.44       0.39557059492
               0.442       0.39716550733
               0.444       0.39875986038
               0.446       0.40035366284
               0.448       0.40194692278
                0.45       0.40353964771
               0.452       0.40513184484
               0.454       0.40672352115
               0.456       0.40831468339
               0.458       0.40990533803
                0.46       0.41149549124
               0.462       0.41308514889
               0.464        0.4146743165
               0.466       0.41626299926
               0.468       0.41785120197
                0.47       0.41943892903
               0.472       0.42102618445
               0.474       0.42261297177
               0.476       0.42419929409
               0.478       0.42578515402
                0.48       0.42737055367
               0.482       0.42895549463
               0.484       0.43053997815
               0.486       0.43212400552
               0.488       0.43370757813
                0.49       0.43529069752
               0.492        0.4368733653
               0.494       0.43845558319
               0.496       0.44003735302
               0.498       0.44161867669
                 0.5       0.44319955616
               0.502       0.44477999348
               0.504       0.44635999073
               0.506       0.44793955008
               0.508       0.44951867371
                0.51       0.45109736384
               0.512       0.45267562272
               0.514       0.45425345262
               0.516       0.45583085581
               0.518       0.45740783456
                0.52       0.45898439115
               0.522       0.46056052781
               0.524       0.46213624676
               0.526        0.4637115502
               0.528       0.46528644025
                0.53       0.46686091901
               0.532       0.46843498849
               0.534       0.47000865065
               0.536       0.47158190734
               0.538       0.47315476036
                0.54       0.47472721135
               0.542        0.4762992619
               0.544       0.47787091343
               0.546       0.47944216725
               0.548       0.48101302453
                0.55       0.48258348627
               0.552       0.48415355333
               0.554       0.48572322636
               0.556       0.48729250587
               0.558       0.48886139215
                0.56       0.49042988526
               0.562       0.49199798508
               0.564       0.49356569123
               0.566       0.49513300311
               0.568       0.49669991984
                0.57        0.4982664403
               0.572       0.49983256307
               0.574       0.50139828644
               0.576        0.5029636084
               0.578       0.50452852662
                0.58       0.50609303845
               0.582       0.50765714088
               0.584       0.50922083054
               0.586        0.5107841037
               0.588       0.51234695625
                0.59       0.51390938365
               0.592       0.51547138097
               0.594       0.51703294284
               0.596       0.51859406346
               0.598       0.52015473655
                 0.6       0.52171495537
               0.602       0.52327471268
               0.604       0.52483400074
               0.606       0.52639281127
               0.608       0.52795113547
                0.61       0.52950896398
               0.612       0.53106628685
               0.614       0.53262309357
               0.616       0.53417937298
               0.618       0.53573511333
                0.62       0.53729030221
               0.622       0.53884492655
               0.624        0.5403989726
               0.626       0.54195242589
               0.628       0.54350527127
                0.63       0.54505749281
               0.632       0.54660907383
               0.634        0.5481599969
               0.636       0.54971024375
               0.638       0.55125979531
                0.64       0.55280863166
               0.642       0.55435673202
               0.644       0.55590407472
               0.646       0.55745063719
               0.648       0.55899639592
                0.65       0.56054132645
               0.652       0.56208540333
               0.654       0.56362860015
               0.656       0.56517088942
               0.658       0.56671224265
                0.66       0.56825263025
               0.662       0.56979202152
               0.664       0.57133038468
               0.666       0.57286768676
               0.668       0.57440389362
                0.67       0.57593896994
               0.672       0.57747287915
               0.674       0.57900558343
               0.676       0.58053704374
               0.678       0.58206722021
                0.68       0.58359607232
               0.682       0.58512355888
               0.684       0.58664963806
               0.686       0.58817426735
               0.688       0.58969740354
                0.69       0.59121900272
               0.692       0.59273902023
               0.694        0.5942574107
               0.696       0.59577412799
               0.698       0.59728912517
                 0.7       0.59880235455
               0.702        0.6003137676
               0.704       0.60182331499
               0.706       0.60333094653
               0.708       0.60483661115
                0.71         0.606340257
               0.712       0.60784183164
               0.714       0.60934128233
               0.716       0.61083855596
               0.718        0.6123335991
                0.72       0.61382635795
               0.722       0.61531677834
               0.724       0.61680480575
               0.726       0.61829038524
               0.728       0.61977346153
                0.73        0.6212539789
               0.732       0.62273188123
               0.734         0.624207112
               0.736       0.62567961424
               0.738       0.62714933061
                0.74       0.62861620379
               0.742        0.6300801766
               0.744       0.63154119209
               0.746       0.63299919348
               0.748       0.63445412417
                0.75       0.63590592778
               0.752       0.63735454811
               0.754       0.63879992916
               0.756       0.64024201512
               0.758        0.6416807504
                0.76       0.64311607958
               0.762       0.64454794747
               0.764       0.64597629905
               0.766       0.64740107951
               0.768       0.64882223426
                0.77       0.65023970887
               0.772       0.65165344915
               0.774       0.65306340108
               0.776       0.65446951084
               0.778       0.65587172481
                0.78       0.65726998958
               0.782        0.6586642519
               0.784       0.66005445873
               0.786       0.66144055722
               0.788       0.66282249471
                0.79       0.66420021898
               0.792       0.66557367857
               0.794       0.66694282282
               0.796       0.66830760188
               0.798       0.66966796666
                 0.8       0.67102386883
               0.802       0.67237526081
               0.804       0.67372209572
               0.806        0.6750643274
               0.808       0.67640191039
                0.81       0.67773479989
               0.812       0.67906295173
               0.814       0.68038632242
               0.816       0.68170486906
               0.818       0.68301854934
                0.82       0.68432732156
               0.822       0.68563114456
               0.824       0.68692997774
               0.826       0.68822378101
               0.828       0.68951251479
                0.83          0.69079614
               0.832         0.692074618
               0.834       0.69334791063
               0.836        0.6946159802
               0.838       0.69587878959
                0.84       0.69713630262
               0.842       0.69838848437
               0.844       0.69963530122
               0.846        0.7008767208
               0.848       0.70211271203
                0.85       0.70334324507
               0.852       0.70456829134
               0.854       0.70578782352
               0.856        0.7070018155
               0.858       0.70821024242
                0.86       0.70941308063
               0.862       0.71061030769
               0.864       0.71180190238
               0.866       0.71298784465
               0.868       0.71416811565
                0.87       0.71534269773
               0.872       0.71651157437
               0.874       0.71767473026
               0.876       0.71883215119
               0.878       0.71998382414
                0.88       0.72112973721
               0.882       0.72226987962
               0.884       0.72340424172
               0.886       0.72453281497
               0.888       0.72565559193
                0.89       0.72677256623
               0.892       0.72788373261
               0.894       0.72898908688
               0.896       0.73008862589
               0.898       0.73118234758
                 0.9        0.7322702509
               0.902       0.73335233585
               0.904       0.73442860345
               0.906       0.73549905574
               0.908       0.73656369576
                0.91       0.73762252755
               0.912       0.73867555611
               0.914       0.73972278745
               0.916        0.7407642285
               0.918       0.74179988718
                0.92       0.74282977233
               0.922       0.74385389371
               0.924       0.74487226203
               0.926       0.74588488887
               0.928       0.74689178672
                0.93       0.74789296897
               0.932       0.74888844986
               0.934       0.74987824449
               0.936       0.75086236881
               0.938       0.75184083962
                0.94       0.75281367451
               0.942       0.75378089192
               0.944       0.75474251106
               0.946       0.75569855192
               0.948       0.75664903528
                0.95       0.75759398267
               0.952       0.75853341637
               0.954       0.75946735942
               0.956       0.76039583559
               0.958        0.7613188694
                0.96       0.76223648606
               0.962       0.76314871151
               0.964       0.76405557234
               0.966       0.76495709582
               0.968       0.76585330987
                0.97       0.76674424306
               0.972       0.76762992457
               0.974       0.76851038417
               0.976       0.76938565224
               0.978       0.77025575972
                0.98       0.77112073811
               0.982       0.77198061943
               0.984       0.77283543623
               0.986       0.77368522158
               0.988       0.77453000899
                0.99       0.77536983249
               0.992       0.77620472651
               0.994       0.77703472594
               0.996       0.77785986606
               0.998       0.77868018256
                   1       0.77949571148
               1.002       0.78030648924
               1.004       0.78111255257
               1.006       0.78191393853
               1.008       0.78271068445
                1.01       0.78350282795
               1.012       0.78429040691
               1.014       0.78507345942
               1.016        0.7858520238
               1.018       0.78662613865
                1.02       0.78739584301
               1.022       0.78816117635
               1.024       0.78892217858
               1.026       0.78967888998
               1.028       0.79043135128
                1.03       0.79117960382
               1.032       0.79192368959
               1.034       0.79266365121
               1.036       0.79339953191
               1.038       0.79413137551
                1.04       0.79485922638
               1.042       0.79558312943
               1.044       0.79630313008
               1.046       0.79701927424
               1.048       0.79773160826
                1.05       0.79844017895
               1.052        0.7991450335
               1.054       0.79984621952
               1.056       0.80054378493
               1.058       0.80123777802
                1.06       0.80192824735
               1.062       0.80261524177
               1.064       0.80329881039
               1.066       0.80397900252
               1.068       0.80465586768
                1.07       0.80532945553
               1.072       0.80599981591
               1.074       0.80666699874
               1.076       0.80733105402
               1.078        0.8079920318
                1.08       0.80864998219
               1.082       0.80930495523
               1.084       0.80995700099
               1.086       0.81060616943
               1.088       0.81125251043
                1.09       0.81189607374
               1.092       0.81253690897
               1.094       0.81317506551
               1.096       0.81381059256
               1.098       0.81444353906
                 1.1       0.81507395366
               1.102       0.81570188472
               1.104       0.81632738023
               1.106       0.81695048782
               1.108       0.81757125469
                1.11       0.81818972761
               1.112       0.81880595287
               1.114       0.81941997625
               1.116       0.82003184298
               1.118       0.82064159772
                1.12        0.8212492845
               1.122       0.82185494671
               1.124       0.82245862705
               1.126       0.82306036753
               1.128       0.82366020935
                1.13       0.82425819298
               1.132         0.824854358
               1.134       0.82544874318
               1.136       0.82604138636
               1.138       0.82663232444
                1.14       0.82722159334
               1.142       0.82780922798
               1.144       0.82839526222
               1.146       0.82897972882
               1.148       0.82956265942
                1.15       0.83014408447
               1.152       0.83072403323
               1.154        0.8313025337
               1.156       0.83187961258
               1.158       0.83245529525
                1.16        0.8330296057
               1.162       0.83360256654
               1.164       0.83417419887
               1.166       0.83474452232
               1.168       0.83531355499
                1.17       0.83588131336
               1.172       0.83644781264
               1.174       0.83701306774
               1.176       0.83757709373
               1.178       0.83813990579
                1.18       0.83870151925
               1.182       0.83926194955
               1.184       0.83982121223
               1.186       0.84037932294
               1.188       0.84093629746
                1.19       0.84149215174
               1.192        0.8420469019
               1.194       0.84260056426
               1.196        0.8431531553
               1.198       0.84370469166
                 1.2       0.84425519016
               1.202       0.84480466778
               1.204       0.84535314163
               1.206       0.84590062898
               1.208       0.84644714725
                1.21       0.84699271399
               1.212       0.84753734688
               1.214       0.84808106371
               1.216       0.84862388241
               1.218       0.84916582102
                1.22       0.84970689768
               1.222       0.85024713063
               1.224        0.8507865382
               1.226       0.85132513884
               1.228       0.85186295104
                1.23       0.85239999339
               1.232       0.85293628454
               1.234       0.85347184323
               1.236       0.85400668821
               1.238       0.85454083831
                1.24       0.85507431241
               1.242       0.85560712941
               1.244       0.85613930823
               1.246       0.85667086784
               1.248        0.8572018272
                1.25        0.8577322053
               1.252        0.8582620211
               1.254       0.85879129359
               1.256       0.85932004171
               1.258       0.85984828439
                1.26       0.86037604055
               1.262       0.86090332904
               1.264       0.86143016868
               1.266       0.86195657824
               1.268       0.86248257641
                1.27       0.86300818182
               1.272       0.86353341301
               1.274       0.86405828846
               1.276       0.86458282652
               1.278       0.86510704548
                1.28       0.86563096363
               1.282       0.86615459927
               1.284       0.86667797067
               1.286       0.86720109609
               1.288       0.86772399376
                1.29       0.86824668185
               1.292       0.86876917848
               1.294       0.86929150169
               1.296       0.86981366945
               1.298       0.87033569963
                 1.3       0.87085760997
               1.302        0.8713794181
               1.304       0.87190114154
               1.306       0.87242279761
               1.308       0.87294440351
                1.31       0.87346597625
               1.312       0.87398753264
               1.314       0.87450908929
               1.316       0.87503066262
               1.318       0.87555226878
                1.32        0.8760739237
               1.322       0.87659564303
               1.324       0.87711744218
               1.326       0.87763933622
               1.328       0.87816133997
                1.33       0.87868346789
               1.332       0.87920573414
               1.334        0.8797281525
               1.336       0.88025073641
               1.338       0.88077349892
                1.34       0.88129645269
               1.342       0.88181960997
               1.344       0.88234298257
               1.346       0.88286658188
               1.348        0.8833904188
                1.35       0.88391450379
               1.352        0.8844388468
               1.354       0.88496345727
               1.356       0.88548834411
               1.358        0.8860135157
                1.36       0.88653897986
               1.362       0.88706474382
               1.364       0.88759081422
               1.366       0.88811719709
               1.368       0.88864389783
                1.37        0.8891709212
               1.372       0.88969827126
               1.374       0.89022595142
               1.376       0.89075396438
               1.378       0.89128231209
                1.38       0.89181099579
               1.382       0.89234001594
               1.384       0.89286937222
               1.386       0.89339906352
               1.388        0.8939290879
                1.39       0.89445944258
               1.392       0.89499012392
               1.394       0.89552112741
               1.396       0.89605244762
               1.398        0.8965840782
                 1.4       0.89711601186
               1.402       0.89764824037
               1.404       0.89818075446
               1.406        0.8987135439
               1.408        0.8992465974
                1.41       0.89977990264
               1.412        0.9003134462
               1.414        0.9008472136
               1.416        0.9013811892
               1.418       0.90191535624
                1.42       0.90244969679
               1.422       0.90298419179
               1.424       0.90351882149
               1.426       0.90405356575
               1.428       0.90458840406
                1.43       0.90512331553
               1.432        0.9056582789
               1.434       0.90619327248
               1.436       0.90672827423
               1.438       0.90726326169
                1.44       0.90779821196
               1.442       0.90833310178
               1.444        0.9088679074
               1.446       0.90940260471
               1.448       0.90993716925
                1.45       0.91047157651
               1.452       0.91100580189
               1.454       0.91153982076
               1.456       0.91207360841
               1.458       0.91260714008
                1.46       0.91314039095
               1.462       0.91367333616
               1.464       0.91420595078
               1.466       0.91473820983
               1.468       0.91527008828
                1.47       0.91580156104
               1.472       0.91633260297
               1.474       0.91686318888
               1.476       0.91739329353
               1.478       0.91792289162
                1.48       0.91845195781
               1.482       0.91898046671
               1.484       0.91950839287
               1.486       0.92003571079
               1.488       0.92056239494
                1.49       0.92108841971
               1.492       0.92161375946
               1.494       0.92213838851
               1.496       0.92266228112
               1.498       0.92318541148
                 1.5       0.92370775377
               1.502       0.92422928209
               1.504       0.92474997052
               1.506       0.92526979306
               1.508       0.92578872367
                1.51       0.92630673628
               1.512       0.92682380476
               1.514        0.9273399029
               1.516       0.92785500448
               1.518       0.92836908322
                1.52       0.92888211276
               1.522       0.92939406673
               1.524       0.92990491868
               1.526       0.93041464211
               1.528       0.93092321047
                1.53       0.93143059718
               1.532       0.93193677578
               1.534       0.93244171997
               1.536       0.93294540365
               1.538        0.9334478009
                1.54       0.93394888599
               1.542       0.93444863339
               1.544       0.93494701775
               1.546       0.93544401396
               1.548       0.93593959707
                1.55       0.93643374239
               1.552        0.9369264254
               1.554       0.93741762183
               1.556        0.9379073076
               1.558       0.93839545888
                1.56       0.93888205207
               1.562       0.93936706377
               1.564       0.93985047086
               1.566       0.94033225042
               1.568       0.94081237979
                1.57       0.94129083657
               1.572       0.94176759857
               1.574       0.94224264392
               1.576       0.94271595108
               1.578       0.94318749888
                1.58       0.94365726658
               1.582       0.94412523378
               1.584        0.9445913805
               1.586       0.94505568714
               1.588       0.94551813448
                1.59       0.94597870371
               1.592       0.94643737637
               1.594       0.94689413444
               1.596       0.94734896026
               1.598       0.94780183655
                 1.6       0.94825274647
               1.602       0.94870167351
               1.604       0.94914860161
               1.606       0.94959351505
               1.608       0.95003639855
                1.61       0.95047723718
               1.612       0.95091601645
               1.614       0.95135272221
               1.616       0.95178734075
               1.618       0.95221985873
                1.62       0.95265026321
               1.622       0.95307854164
               1.624       0.95350468188
               1.626       0.95392867215
               1.628       0.95435050111
                1.63       0.95477015777
               1.632       0.95518763156
               1.634        0.9556029123
               1.636        0.9560159902
               1.638       0.95642685587
                1.64       0.95683550029
               1.642       0.95724191487
               1.644       0.95764609139
               1.646       0.95804802202
               1.648       0.95844769933
                1.65       0.95884511627
               1.652       0.95924026621
               1.654       0.95963314287
               1.656       0.96002374038
               1.658       0.96041205328
                1.66       0.96079807645
               1.662        0.9611818052
               1.664       0.96156323521
               1.666       0.96194236254
               1.668       0.96231918366
                1.67       0.96269369538
               1.672       0.96306589494
               1.674       0.96343577993
               1.676       0.96380334834
               1.678       0.96416859852
                1.68       0.96453152923
               1.682       0.96489213956
               1.684       0.96525042903
               1.686        0.9656063975
               1.688        0.9659600452
                1.69       0.96631137275
               1.692       0.96666038113
               1.694       0.96700707168
               1.696       0.96735144614
               1.698       0.96769350656
                 1.7       0.96803325541
               1.702       0.96837069548
               1.704       0.96870582993
               1.706       0.96903866228
               1.708       0.96936919641
                1.71       0.96969743654
               1.712       0.97002338725
               1.714       0.97034705345
               1.716       0.97066844043
               1.718       0.97098755378
                1.72       0.97130439947
               1.722       0.97161898377
               1.724       0.97193131331
               1.726       0.97224139505
               1.728       0.97254923627
                1.73       0.97285484457
               1.732        0.9731582279
               1.734        0.9734593945
               1.736       0.97375835294
               1.738        0.9740551121
                1.74       0.97434968117
               1.742       0.97464206966
               1.744       0.97493228736
               1.746       0.97522034438
               1.748        0.9755062511
                1.75       0.97579001821
               1.752       0.97607165669
               1.754       0.97635117779
               1.756       0.97662859305
               1.758       0.97690391429
                1.76       0.97717715358
               1.762       0.97744832328
               1.764       0.97771743599
               1.766       0.97798450459
               1.768        0.9782495422
                1.77       0.97851256219
               1.772       0.97877357816
               1.774       0.97903260398
               1.776       0.97928965373
               1.778       0.97954474171
                1.78       0.97979788247
               1.782       0.98004909076
               1.784       0.98029838154
               1.786       0.98054576997
               1.788       0.98079127145
                1.79       0.98103490151
               1.792       0.98127667594
               1.794       0.98151661065
               1.796       0.98175472176
               1.798       0.98199102557
                 1.8       0.98222553851
               1.802       0.98245827719
               1.804       0.98268925838
               1.806       0.98291849897
               1.808       0.98314601599
                1.81       0.98337182663
               1.812       0.98359594818
               1.814       0.98381839803
               1.816       0.98403919373
               1.818       0.98425835287
                1.82       0.98447589319
               1.822       0.98469183247
               1.824       0.98490618871
               1.826       0.98511898021
               1.828       0.98533022566
                1.83       0.98553994408
               1.832       0.98574815486
               1.834       0.98595487768
               1.836       0.98616013255
               1.838       0.98636393978
                1.84       0.98656631993
               1.842       0.98676729385
               1.844       0.98696688263
               1.846       0.98716510759
               1.848       0.98736199027
                1.85       0.98755755241
               1.852       0.98775181595
               1.854         0.987944803
               1.856        0.9881365358
               1.858       0.98832703678
                1.86       0.98851632845
               1.862       0.98870443345
               1.864       0.98889137452
               1.866       0.98907717446
               1.868       0.98926185614
                1.87       0.98944544248
               1.872       0.98962795643
               1.874       0.98980942095
               1.876       0.98998985899
               1.878       0.99016929349
                1.88       0.99034774734
               1.882        0.9905252434
               1.884       0.99070180444
               1.886       0.99087745315
               1.888       0.99105221212
                1.89       0.99122610382
               1.892       0.99139915056
               1.894       0.99157137453
               1.896       0.99174279771
               1.898       0.99191344193
                 1.9       0.99208332878
               1.902       0.99225247966
               1.904       0.99242091575
               1.906         0.992588658
               1.908       0.99275572709
                1.91       0.99292214346
               1.912       0.99308792722
               1.914       0.99325309821
               1.916       0.99341767589
               1.918       0.99358167943
                1.92       0.99374512759
               1.922       0.99390803877
               1.924       0.99407043094
               1.926       0.99423232165
               1.928       0.99439372803
                1.93       0.99455466671
               1.932       0.99471515385
               1.934       0.99487520511
               1.936       0.99503483562
               1.938       0.99519405996
                1.94       0.99535289214
               1.942        0.9955113456
               1.944       0.99566943339
               1.946       0.99582716851
               1.948       0.99598456401
                1.95       0.99614163295
               1.952        0.9962983884
               1.954       0.99645484345
               1.956       0.99661101116
               1.958       0.99676690462
                1.96       0.99692253687
               1.962       0.99707792095
               1.964       0.99723306987
               1.966       0.99738799659
               1.968       0.99754271403
                1.97       0.99769723506
               1.972       0.99785157249
               1.974       0.99800573907
               1.976       0.99815974745
               1.978       0.99831361023
                1.98       0.99846733991
               1.982       0.99862094888
               1.984       0.99877444946
               1.986       0.99892785381
               1.988       0.99908117401
                1.99       0.99923442205
               1.992       0.99938760991
               1.994        0.9995407496
               1.996       0.99969385315
               1.998        0.9998469326
                   2                   1
