            0.801178                   0      0.044178737418
            1.602356       0.34058887028       0.57392220361
            2.403534        0.3676532673        0.6176532673
            3.204712       0.33835917789       0.66093982305
             4.00589       0.31902347877       0.70363886339
            4.807068       0.24561243773       0.65989815202
            5.608246       0.26589658622       0.66672991955
            6.409424       0.25782166689       0.68730884638
            7.210602       0.26481926078        0.7135372095
             8.01178       0.30267589646       0.74158992361
            8.812958       0.28796775975       0.73724312207
            9.614136        0.2398467972       0.71711952447
           10.415314       0.27363059525       0.75090332252
           11.216492        0.3378853257       0.81156953623
            12.01767       0.35043839976       0.83670213602
           12.818848       0.63972151843                   1
           13.620026       0.66734544544                   1
           14.421204       0.66463188147                   1
           15.222382       0.67611169049                   1
            16.02356       0.69567985324                   1
           16.824738        0.7157478806                   1
           17.625916       0.71950728147                   1
           18.427094       0.73761361311                   1
           19.228272       0.74992229703                   1
            20.02945       0.74204878678                   1
           20.830628       0.75339017919                   1
           21.631806       0.76919668726                   1
           22.432984       0.77630620874                   1
           23.234162       0.78681914521                   1
            24.03534       0.84440095816                   1
           24.836518        0.8492619464                   1
           25.637696       0.86022747247                   1
           26.438874       0.86555417704                   1
           27.240052       0.87208780293                   1
            28.04123       0.87756664358                   1
           28.842408       0.88265390288                   1
           29.643586       0.88617785133                   1
           30.444764       0.88922873221                   1
           31.245942        0.8910151494                   1
            32.04712         0.892957374                   1
           32.848298       0.89539663968                   1
           33.649476       0.89716891258                   1
           34.450654       0.89552353638                   1
           35.251832       0.89600261497                   1
            36.05301       0.89590661145                   1
           36.854188        0.8968735279                   1
           37.655366       0.89791154275                   1
           38.456544       0.89880120639                   1
           39.257722       0.89908205011                   1
             40.0589        0.8997348221                   1
           40.860078       0.89982227372                   1
           41.661256       0.89804842699                   1
           42.462434         0.898417256                   1
           43.263612       0.89705245534                   1
            44.06479       0.89526932554       0.99852877795
           44.865968       0.89543462284       0.99869407526
           45.667146       0.89555146543       0.99555146543
           46.468324       0.89562950903       0.99453060793
           47.269502       0.89567796132       0.99279334594
            48.07068       0.89570525298        0.9914317487
           48.871858       0.89571868177       0.99144517749
           49.673036       0.89572414727       0.98748238903
           50.474214       0.89572594407       0.98560448658
           51.275392       0.89572643339       0.98328299447
            52.07657       0.89572649543       0.98328305652
           52.877748       0.89572649573       0.98238269667
           53.678926       0.89572654375       0.98101306931
           54.480104       0.89572809694       0.98034348155
           55.281282       0.89573630295       0.98035168756
            56.08246       0.89575980364       0.98037518826
           56.883638       0.89581000636       0.98042539098
           57.684816       0.89590041272       0.97968935106
           58.485994       0.89604600466       0.97983494299
           59.287172       0.89626268582       0.97909235615
            60.08835       0.89656677641       0.97939644674
           60.889528       0.89697455945       0.97915091968
           61.690706       0.89750187683       0.97735535668
           62.491884       0.89816377287       0.97801725272
           63.293062       0.89897418379       0.97770721547
            64.09424        0.8999456711       0.97867870277
           64.895418       0.90108919681       0.97982222849
           65.696596       0.90241393891       0.98055450339
           66.497774       0.90392714487       0.98200047341
           67.298952       0.90563402143       0.98370734997
            68.10013       0.90753765879        0.9812619543
           68.901308       0.90963898716       0.98336328267
           69.702486        0.9119367639       0.98566105941
           70.503664       0.91442758925       0.98815188476
           71.304842       0.91710594877       0.99083024428
            72.10602       0.91996428063       0.99368857614
           72.907198       0.92299306574       0.99671736125
           73.708376       0.92618093892       0.99990523443
           74.509554        0.9295148191                   1
           75.310732       0.93298005674                   1
            76.11191        0.9365605965                   1
           76.913088       0.94023915325                   1
           77.714266       0.94399739956                   1
           78.515444       0.94781616268                   1
           79.316622       0.95167562924                   1
