                   0                   0
           0.0801178     0.0044203446808
           0.1602356     0.0088405395601
           0.2403534      0.013260434847
           0.3204712      0.017679880768
            0.400589      0.022098727584
           0.4807068       0.02651682559
           0.5608246      0.030934025135
           0.6409424      0.035350176624
           0.7210602      0.039765130533
            0.801178      0.044178737418
           0.8812958       0.04859084792
           0.9614136      0.053001312783
           1.0415314      0.057409982856
           1.1216492      0.061816709107
            1.201767      0.066221342634
           1.2818848      0.070623734669
           1.3620026      0.075023736592
           1.4421204       0.07942119994
           1.5222382      0.083815976415
            1.602356      0.088207917897
           1.6824738      0.092596876447
           1.7625916      0.096982704331
           1.8427094       0.10136525406
           1.9228272       0.10574437839
            2.002945       0.11011993038
           2.0830628       0.11449176333
           2.1631806       0.11885973086
           2.2432984       0.12322368687
           2.3234162        0.1275834856
            2.403534       0.13193898159
           2.4836518        0.1362900297
           2.5637696       0.14063648514
           2.6438874       0.14497820348
           2.7240052       0.14931504063
            2.804123       0.15364685287
           2.8842408       0.15797349688
           2.9643586       0.16229482968
           3.0444764       0.16661070873
           3.1245942       0.17092099186
            3.204712       0.17522553734
           3.2848298       0.17952420383
           3.3649476       0.18381685045
           3.4450654       0.18810333673
           3.5251832        0.1923835227
            3.605301       0.19665726903
           3.6854188       0.20092443706
           3.7655366       0.20518488882
           3.8456544       0.20943848708
           3.9257722       0.21368509529
             4.00589       0.21792457767
           4.0860078       0.22215679917
           4.1661256       0.22638162548
           4.2462434       0.23059892308
           4.3263612       0.23480855922
            4.406479       0.23901040193
           4.4865968       0.24320432006
           4.5667146       0.24739018324
           4.6468324       0.25156786196
           4.7269502        0.2557372275
            4.807068       0.25989815202
           4.8871858       0.26405050849
           4.9673036        0.2681941708
           5.0474214       0.27232901365
           5.1275392       0.27645491266
            5.207657       0.28057174434
           5.2877748       0.28467938608
           5.3678926        0.2887777162
           5.4480104       0.29286661394
           5.5281282       0.29694595945
            5.608246       0.30101563384
           5.6883638       0.30507551915
           5.7684816       0.30912549838
           5.8485994       0.31316545549
           5.9287172       0.31719527543
            6.008835       0.32121484417
           6.0889528       0.32522404867
           6.1690706       0.32922277696
           6.2491884       0.33321091807
           6.3293062       0.33718836211
            6.409424       0.34115500023
           6.4895418       0.34511072462
           6.5696596       0.34905542859
           6.6497774       0.35298900646
           6.7298952        0.3569113537
            6.810013       0.36082236682
           6.8901308       0.36472194344
           6.9702486       0.36860998229
           7.0503664       0.37248638322
           7.1304842       0.37635104715
            7.210602       0.38020387617
           7.2907198       0.38404477346
           7.3708376       0.38787364336
           7.4509554       0.39169039131
           7.5310732       0.39549492392
            7.611191       0.39928714894
           7.6913088       0.40306697526
           7.7714266       0.40683431292
           7.8515444       0.41058907314
           7.9316622       0.41433116827
             8.01178       0.41806051185
           8.0918978       0.42177701857
           8.1720156        0.4254806043
           8.2521334       0.42917118608
           8.3322512       0.43284868212
            8.412369       0.43651301182
           8.4924868       0.44016409575
           8.5726046       0.44380185564
           8.6527224       0.44742621445
           8.7328402       0.45103709627
            8.812958       0.45463442642
           8.8930758       0.45821813136
           8.9731936       0.46178813878
           9.0533114       0.46534437751
           9.1334292       0.46888677759
            9.213547       0.47241527023
           9.2936648       0.47592978785
           9.3737826         0.479430264
           9.4539004       0.48291663346
           9.5340182       0.48638883216
            9.614136        0.4898467972
           9.6942538       0.49329046687
           9.7743716       0.49671978063
           9.8544894       0.50013467908
           9.9346072       0.50353510402
           10.014725       0.50692099839
          10.0948428       0.51029230628
          10.1749606       0.51364897295
          10.2550784       0.51699094478
          10.3351962       0.52031816933
           10.415314       0.52363059525
          10.4954318       0.52692817235
          10.5755496       0.53021085157
          10.6556674       0.53347858495
          10.7357852       0.53673132564
           10.815903       0.53996902791
          10.8960208       0.54319164712
          10.9761386       0.54639913972
          11.0562564       0.54959146323
          11.1363742       0.55276857627
           11.216492       0.55593043849
          11.2966098       0.55907701061
          11.3767276       0.56220825441
          11.4568454       0.56532413268
          11.5369632       0.56842460925
           11.617081       0.57150964897
          11.6971988        0.5745792177
          11.7773166       0.57763328235
          11.8574344       0.58067181083
          11.9375522       0.58369477208
            12.01767       0.58670213602
          12.0977878       0.58969387357
          12.1779056        0.5926699566
          12.2580234       0.59563035797
          12.3381412       0.59857505146
           12.418259       0.60150401179
          12.4983768        0.6044172146
          12.5784946       0.60731463642
          12.6586124       0.61019625469
          12.7387302        0.6130620477
           12.818848       0.61591199462
          12.8989658       0.61874607544
          12.9790836       0.62156427099
          13.0592014       0.62436656288
          13.1393192       0.62715293353
           13.219437       0.62992336614
          13.2995548       0.63267784464
          13.3796726       0.63541635371
          13.4597904       0.63813887873
          13.5399082       0.64084540578
           13.620026       0.64353592163
          13.7001438       0.64621041367
          13.7802616       0.64886886997
          13.8603794       0.65151127916
          13.9404972        0.6541376305
           14.020615        0.6567479138
          14.1007328       0.65934211941
          14.1808506       0.66192023821
          14.2609684       0.66448226158
          14.3410862       0.66702818136
           14.421204       0.66955798984
          14.5013218       0.67207167975
          14.5814396       0.67456924422
          14.6615574       0.67705067724
          14.7416752       0.67951597422
           14.821793        0.6819651321
          14.9019108       0.68439814934
          14.9820286       0.68681502588
          15.0621464       0.68921576319
          15.1422642        0.6916003642
           15.222382       0.69396883335
          15.3024998       0.69632117653
          15.3826176       0.69865740111
          15.4627354       0.70097751591
          15.5428532       0.70328153122
           15.622971       0.70556945873
          15.7030888       0.70784131159
          15.7832066       0.71009710435
          15.8633244       0.71233685297
          15.9434422       0.71456057481
            16.02356       0.71676828862
          16.1036778        0.7189600145
          16.1837956       0.72113577394
          16.2639134       0.72329558975
          16.3440312       0.72543948611
           16.424149       0.72756748866
          16.5042668       0.72967962462
          16.5843846       0.73177592282
          16.6645024       0.73385641367
          16.7446202       0.73592112915
           16.824738       0.73797010282
          16.9048558       0.74000336978
          16.9849736       0.74202096669
          17.0650914       0.74402293174
          17.1452092       0.74600930464
           17.225327        0.7479801266
          17.3054448       0.74993544037
          17.3855626       0.75187529013
          17.4656804       0.75379972158
          17.5457982       0.75570878186
           17.625916       0.75760251957
          17.7060338       0.75948098472
          17.7861516       0.76134422877
          17.8662694       0.76319230457
          17.9463872       0.76502526635
           18.026505       0.76684316972
          18.1066228       0.76864607167
          18.1867406        0.7704340305
          18.2668584       0.77220710585
          18.3469762       0.77396535867
           18.427094        0.7757088512
          18.5072118       0.77743764696
          18.5873296       0.77915181071
          18.6674474       0.78085140844
          18.7475652        0.7825365074
           18.827683       0.78420717599
          18.9078008       0.78586348381
          18.9879186       0.78750550162
          19.0680364       0.78913330131
          19.1481542       0.79074695589
           19.228272       0.79234653946
          19.3083898       0.79393212719
          19.3885076       0.79550379533
          19.4686254       0.79706162111
          19.5487432        0.7986056828
           19.628861       0.80013605963
          19.7089788       0.80165283181
          19.7890966       0.80315608046
          19.8692144       0.80464588761
          19.9493322       0.80612233618
            20.02945       0.80758550995
          20.1095678       0.80903549351
          20.1896856       0.81047237227
          20.2698034       0.81189623241
          20.3499212       0.81330716087
           20.430039       0.81470524528
          20.5101568         0.816090574
          20.5902746       0.81746323602
          20.6703924       0.81882332097
          20.7505102        0.8201709191
           20.830628       0.82150612122
          20.9107458       0.82282901868
          20.9908636       0.82413970334
          21.0709814       0.82543826755
          21.1510992       0.82672480409
           21.231217       0.82799940617
          21.3113348       0.82926216736
          21.3914526       0.83051318161
          21.4715704        0.8317525432
          21.5516882       0.83298034678
           21.631806       0.83419668726
          21.7119238       0.83540165985
          21.7920416       0.83659535999
          21.8721594        0.8377778833
          21.9522772       0.83894932559
           22.032395       0.84010978277
          22.1125128       0.84125935084
          22.1926306       0.84239812587
          22.2727484       0.84352620392
          22.3528662       0.84464368103
           22.432984       0.84575065319
          22.5131018       0.84684721626
          22.5932196       0.84793346598
          22.6733374       0.84900949788
          22.7534552       0.85007540728
           22.833573       0.85113128923
          22.9136908       0.85217723846
          22.9938086       0.85321334936
          23.0739264       0.85423971591
          23.1540442       0.85525643165
           23.234162       0.85626358965
          23.3142798       0.85726128244
          23.3943976       0.85824960198
          23.4745154        0.8592286396
          23.5546332       0.86019848597
           23.634751       0.86115923105
          23.7148688       0.86211096404
          23.7949866       0.86305377332
          23.8751044       0.86398774642
          23.9552222       0.86491296995
            24.03534       0.86582952959
          24.1154578       0.86673750999
          24.1955756       0.86763699475
          24.2756934       0.86852806636
          24.3558112       0.86941080615
           24.435929       0.87028529425
          24.5160468       0.87115160949
          24.5961646       0.87200982942
          24.6762824       0.87286003019
          24.7564002       0.87370228652
           24.836518       0.87453667167
          24.9166358       0.87536325734
          24.9967536       0.87618211364
          25.0768714       0.87699330902
          25.1569892       0.87779691023
           25.237107       0.87859298225
          25.3172248       0.87938158822
          25.3973426       0.88016278941
          25.4774604       0.88093664514
          25.5575782        0.8817032127
           25.637696       0.88246254733
          25.7178138       0.88321470216
          25.7979316        0.8839597281
          25.8780494       0.88469767429
          25.9581672       0.88542858862
           26.038285       0.88615251779
          26.1184028        0.8868695073
          26.1985206       0.88757960167
          26.2786384       0.88828284489
          26.3587562       0.88897928042
           26.438874       0.88966895115
          26.5189918       0.89035189942
          26.5991096       0.89102816692
          26.6792274       0.89169779474
          26.7593452       0.89236082325
           26.839463       0.89301729214
          26.9195808       0.89366724034
          26.9996986       0.89431070601
          27.0798164       0.89494772649
          27.1599342       0.89557833829
           27.240052       0.89620257705
          27.3201698       0.89682047746
          27.4002876        0.8974320733
          27.4804054       0.89803739735
          27.5605232       0.89863648136
           27.640641       0.89922935605
          27.7207588       0.89981605103
          27.8008766       0.90039659477
          27.8809944        0.9009710146
          27.9611122       0.90153933662
            28.04123       0.90210158576
          28.1213478       0.90265778616
          28.2014656       0.90320796145
          28.2815834       0.90375213474
          28.3617012       0.90429032869
           28.441819        0.9048225661
          28.5219368       0.90534887033
          28.6020546       0.90586926534
          28.6821724       0.90638377568
          28.7622902       0.90689242647
           28.842408       0.90739524341
          28.9225258       0.90789225277
          29.0026436        0.9083834814
          29.0827614       0.90886895668
          29.1628792       0.90934870657
           29.242997       0.90982275956
          29.3231148        0.9102911447
          29.4032326       0.91075389155
          29.4833504       0.91121103023
          29.5634682       0.91166259136
           29.643586       0.91210860607
          29.7237038       0.91254910603
          29.8038216       0.91298412338
          29.8839394       0.91341369077
          29.9640572       0.91383784134
           30.044175       0.91425660871
          30.1242928       0.91467002697
          30.2044106       0.91507813067
          30.2845284       0.91548095482
          30.3646462       0.91587853489
           30.444764       0.91627090679
          30.5248818       0.91665810685
          30.6049996       0.91704017184
          30.6851174       0.91741713894
          30.7652352       0.91778904573
           30.845353        0.9181559302
          30.9254708       0.91851783074
          31.0055886       0.91887478609
          31.0857064       0.91922683539
          31.1658242       0.91957401814
           31.245942       0.91991637417
          31.3260598       0.92025394368
          31.4061776       0.92058676719
          31.4862954       0.92091488554
          31.5664132       0.92123833989
           31.646531        0.9215571717
          31.7266488       0.92187142272
          31.8067666       0.92218113498
          31.8868844       0.92248635078
          31.9670022        0.9227871127
            32.04712       0.92308346353
          32.1272378       0.92337544633
          32.2073556       0.92366310436
          32.2874734       0.92394648112
          32.3675912       0.92422562029
           32.447709       0.92450056575
          32.5278268       0.92477136155
          32.6079446       0.92503805191
          32.6880624       0.92530068121
          32.7681802       0.92555929396
           32.848298       0.92581393481
          32.9284158       0.92606464858
          33.0085336       0.92631148025
          33.0886514       0.92655447495
          33.1687692       0.92679367794
           33.248887        0.9270291346
          33.3290048       0.92726089043
          33.4091226       0.92748899103
          33.4892404       0.92771348208
          33.5693582       0.92793440932
           33.649476       0.92815181857
          33.7295938       0.92836575566
          33.8097116        0.9285762665
          33.8898294       0.92878339697
          33.9699472       0.92898719297
           34.050065       0.92918770039
          34.1301828       0.92938496509
          34.2103006        0.9295790329
          34.2904184       0.92976994957
          34.3705362       0.92995776079
           34.450654       0.93014251218
          34.5307718       0.93032424923
          34.6108896       0.93050301733
          34.6910074       0.93067886173
          34.7711252       0.93085182754
           34.851243        0.9310219597
          34.9313608       0.93118930295
          35.0114786       0.93135390186
          35.0915964       0.93151580077
          35.1717142        0.9316750438
           35.251832        0.9318316748
          35.3319498       0.93198573738
          35.4120676       0.93213727486
          35.4921854       0.93228633024
          35.5723032       0.93243294623
           35.652421       0.93257716518
          35.7325388        0.9327190291
          35.8126566       0.93285857962
          35.8927744       0.93299585799
          35.9728922       0.93313090504
            36.05301       0.93326376117
          36.1331278       0.93339446634
          36.2132456       0.93352306003
          36.2933634       0.93364958125
          36.3734812        0.9337740685
           36.453599       0.93389655974
          36.5337168       0.93401709241
          36.6138346       0.93413570335
          36.6939524       0.93425242884
          36.7740702       0.93436730455
           36.854188       0.93448036551
          36.9343058       0.93459164611
          37.0144236       0.93470118007
          37.0945414       0.93480900041
          37.1746592       0.93491513944
           37.254777       0.93501962875
          37.3348948       0.93512249915
          37.4150126       0.93522378069
          37.4951304        0.9353235026
          37.5752482        0.9354216933
           37.655366       0.93551838035
          37.7354838       0.93561359047
          37.8156016       0.93570734945
          37.8957194       0.93579968234
          37.9758372       0.93589061352
           38.055955       0.93598016671
          38.1360728       0.93606836494
          38.2161906       0.93615523054
          38.2963084       0.93624078513
          38.3764262       0.93632504957
           38.456544         0.936408044
          38.5366618       0.93648978773
          38.6167796       0.93657029931
          38.6968974       0.93664959646
          38.7770152       0.93672769605
           38.857133       0.93680461412
          38.9372508       0.93688036579
          39.0173686       0.93695496532
          39.0974864       0.93702842602
          39.1776042       0.93710076028
           39.257722        0.9371719795
          39.3378398       0.93724209412
          39.4179576       0.93731111357
          39.4980754       0.93737904623
          39.5781932       0.93744589954
           39.658311       0.93751168051
          39.7384288       0.93757639623
          39.8185466       0.93764005388
          39.8986644       0.93770266073
          39.9787822       0.93776422412
             40.0589       0.93782475149
          40.1390178       0.93788425037
          40.2191356       0.93794272835
          40.2992534       0.93800019311
          40.3793712       0.93805665242
           40.459489       0.93811211412
          40.5396068       0.93816658611
          40.6197246       0.93822007639
          40.6998424         0.938272593
          40.7799602       0.93832414407
           40.860078        0.9383747378
          40.9401958       0.93842438245
          41.0203136       0.93847308633
          41.1004314       0.93852085783
          41.1805492       0.93856770539
           41.260667       0.93861363751
          41.3407848       0.93865866274
          41.4209026       0.93870278971
          41.5010204       0.93874602705
          41.5811382       0.93878838349
           41.661256       0.93882986777
          41.7413738        0.9388704887
          41.8214916       0.93891025511
          41.9016094       0.93894917589
          41.9817272       0.93898725995
           42.061845       0.93902451625
          42.1419628       0.93906095377
          42.2220806       0.93909658153
          42.3021984       0.93913140856
          42.3823162       0.93916544395
           42.462434       0.93919869678
          42.5425518       0.93923117617
          42.6226696       0.93926289125
          42.7027874       0.93929385122
          42.7829052       0.93932406533
           42.863023       0.93935354288
          42.9431408       0.93938229321
          43.0232586       0.93941032571
          43.1033764       0.93943764982
          43.1834942       0.93946427502
           43.263612       0.93949021082
          43.3437298       0.93951546679
          43.4238476        0.9395400525
          43.5039654       0.93956397759
          43.5840832        0.9395872517
           43.664201       0.93960988453
          43.7443188       0.93963188578
          43.8244366       0.93965326519
          43.9045544        0.9396740325
          43.9846722       0.93969419751
            44.06479       0.93971376999
          44.1449078       0.93973275975
          44.2250256       0.93975117662
          44.3051434       0.93976903041
          44.3852612       0.93978633097
           44.465379       0.93980308814
          44.5454968       0.93981931174
          44.6256146       0.93983501162
          44.7057324       0.93985019763
          44.7858502       0.93986487957
           44.865968       0.93987906729
          44.9460858       0.93989277058
          45.0262036       0.93990599923
          45.1063214       0.93991876303
          45.1864392       0.93993107173
           45.266557       0.93994293507
          45.3466748       0.93995436274
          45.4267926       0.93996536443
          45.5069104       0.93997594978
          45.5870282       0.93998612841
           45.667146       0.93999590987
          45.7472638       0.94000530372
          45.8273816       0.94001431943
          45.9074994       0.94002296644
          45.9876172       0.94003125414
           46.067735       0.94003919187
          46.1478528       0.94004678891
          46.2279706       0.94005405447
          46.3080884        0.9400609977
          46.3882062        0.9400676277
           46.468324       0.94007395348
          46.5484418       0.94007998398
          46.6285596       0.94008572808
          46.7086774       0.94009119454
          46.7887952       0.94009639209
           46.868913       0.94010132933
          46.9490308       0.94010601478
          47.0291486       0.94011045687
          47.1092664       0.94011466393
          47.1893842       0.94011864419
           47.269502       0.94012240577
          47.3496198       0.94012595667
          47.4297376       0.94012930481
          47.5098554       0.94013245795
          47.5899732       0.94013542377
           47.670091       0.94013820978
          47.7502088       0.94014082341
          47.8303266       0.94014327192
          47.9104444       0.94014556246
          47.9905622         0.940147702
            48.07068       0.94014969742
          48.1507978       0.94015155541
          48.2309156       0.94015328252
          48.3110334       0.94015488514
          48.3911512       0.94015636953
           48.471269       0.94015774181
          48.5513868       0.94015900797
          48.6315046       0.94016017385
          48.7116224       0.94016124517
          48.7917402       0.94016222749
           48.871858       0.94016312621
          48.9519758        0.9401639466
          49.0320936       0.94016469376
          49.1122114       0.94016537262
          49.1923292       0.94016598797
           49.272447        0.9401665444
          49.3525648       0.94016704635
          49.4326826       0.94016749808
          49.5128004       0.94016790365
          49.5929182       0.94016826696
           49.673036       0.94016859171
          49.7531538       0.94016888141
          49.8332716       0.94016913936
          49.9133894       0.94016936867
          49.9935072       0.94016957224
           50.073625       0.94016975276
          50.1537428        0.9401699127
          50.2338606       0.94017005433
          50.3139784       0.94017017968
          50.3940962       0.94017029055
           50.474214       0.94017038852
          50.5543318       0.94017047491
          50.6344496       0.94017055084
          50.7145674       0.94017061718
          50.7946852       0.94017067476
           50.874803       0.94017072436
          50.9549208       0.94017076674
          51.0350386        0.9401708026
          51.1151564       0.94017083264
          51.1952742       0.94017085751
           51.275392       0.94017087783
          51.3555098       0.94017089418
          51.4356276        0.9401709071
          51.5157454        0.9401709171
          51.5958632       0.94017092465
           51.675981       0.94017093019
          51.7560988       0.94017093409
          51.8362166       0.94017093673
          51.9163344        0.9401709384
          51.9964522       0.94017093937
            52.07657       0.94017093988
          52.1566878       0.94017094009
          52.2368056       0.94017094016
          52.3169234       0.94017094017
          52.3970412       0.94017094017
           52.477159       0.94017094017
          52.5572768       0.94017094017
          52.6373946       0.94017094017
          52.7175124       0.94017094017
          52.7976302       0.94017094017
           52.877748       0.94017094017
          52.9578658       0.94017094017
          53.0379836       0.94017094017
          53.1181014       0.94017094017
          53.1982192       0.94017094019
           53.278337       0.94017094051
          53.3584548       0.94017094184
          53.4385726       0.94017094539
          53.5186904       0.94017095282
          53.5988082       0.94017096624
           53.678926        0.9401709882
          53.7590438        0.9401710217
          53.8391616       0.94017107016
          53.9192794       0.94017113741
          53.9993972       0.94017122772
           54.079515       0.94017134572
          54.1596328       0.94017149647
          54.2397506       0.94017168542
          54.3198684       0.94017191836
          54.3999862        0.9401722015
           54.480104       0.94017254138
          54.5602218       0.94017294491
          54.6403396       0.94017341935
          54.7204574        0.9401739723
          54.8005752       0.94017461167
           54.880693       0.94017534575
          54.9608108       0.94017618309
          55.0409286       0.94017713258
          55.1210464       0.94017820343
          55.2011642        0.9401794051
           55.281282       0.94018074739
          55.3613998       0.94018224035
          55.4415176       0.94018389432
          55.5216354        0.9401857199
          55.6017532       0.94018772795
           55.681871       0.94018992961
          55.7619888       0.94019233623
          55.8421066       0.94019495943
          55.9222244       0.94019781106
          56.0023422       0.94020090318
            56.08246       0.94020424809
          56.1625778       0.94020785829
          56.2426956       0.94021174652
          56.3228134       0.94021592568
          56.4029312       0.94022040889
           56.483049       0.94022520946
          56.5631668       0.94023034087
          56.6432846        0.9402358168
          56.7234024       0.94024165107
          56.8035202       0.94024785768
           56.883638       0.94025445081
          56.9637558       0.94026144476
          57.0438736       0.94026885398
          57.1239914        0.9402766931
          57.2041092       0.94028497683
           57.284227       0.94029372005
          57.3643448       0.94030293774
          57.4444626       0.94031264503
          57.5245804       0.94032285712
          57.6046982       0.94033358936
           57.684816       0.94034485717
          57.7649338       0.94035667608
          57.8450516       0.94036906171
          57.9251694       0.94038202977
          58.0052872       0.94039559604
           58.085405       0.94040977639
          58.1655228       0.94042458674
          58.2456406       0.94044004311
          58.3257584       0.94045616154
          58.4058762       0.94047295815
           58.485994        0.9404904491
          58.5661118       0.94050865061
          58.6462296       0.94052757893
          58.7263474       0.94054725033
          58.8064652       0.94056768115
           58.886583       0.94058888772
          58.9667008       0.94061088641
          59.0468186       0.94063369361
          59.1269364       0.94065732572
          59.2070542       0.94068179913
           59.287172       0.94070713027
          59.3672898       0.94073333553
          59.4474076       0.94076043133
          59.5275254       0.94078843407
          59.6076432       0.94081736012
           59.687761       0.94084722585
          59.7678788       0.94087804761
          59.8479966       0.94090984171
          59.9281144       0.94094262446
          60.0082322        0.9409764121
            60.08835       0.94101122085
          60.1684678        0.9410470669
          60.2485856       0.94108396637
          60.3287034       0.94112193536
          60.4088212        0.9411609899
           60.488939       0.94120114595
          60.5690568       0.94124241945
          60.6491746       0.94128482624
          60.7292924       0.94132838212
          60.8094102       0.94137310279
           60.889528        0.9414190039
          60.9696458       0.94146610101
          61.0497636       0.94151440962
          61.1298814       0.94156394512
          61.2099992       0.94161472283
           61.290117       0.94166675797
          61.3702348       0.94172006568
          61.4503526       0.94177466098
          61.5304704        0.9418305588
          61.6105882         0.941887774
           61.690706       0.94194632128
          61.7708238       0.94200621526
          61.8509416       0.94206747046
          61.9310594       0.94213010126
          62.0111772       0.94219412193
           62.091295       0.94225954664
          62.1714128       0.94232638941
          62.2515306       0.94239466415
          62.3316484       0.94246438464
          62.4117662       0.94253556452
           62.491884       0.94260821731
          62.5720018       0.94268235639
          62.6521196         0.942757995
          62.7322374       0.94283514623
          62.8123552       0.94291382305
           62.892473       0.94299403827
          62.9725908       0.94307580454
          63.0527086       0.94315913439
          63.1328264       0.94324404018
          63.2129442       0.94333053411
           63.293062       0.94341862824
          63.3731798       0.94350833445
          63.4532976       0.94359966449
          63.5334154       0.94369262991
          63.6135332       0.94378724213
           63.693651       0.94388351237
          63.7737688       0.94398145173
          63.8538866       0.94408107108
          63.9340044       0.94418238116
          64.0141222       0.94428539252
            64.09424       0.94439011554
          64.1743578       0.94449656042
          64.2544756       0.94460473719
          64.3345934       0.94471465567
          64.4147112       0.94482632554
           64.494829       0.94493975626
          64.5749468       0.94505495713
          64.6550646       0.94517193724
          64.7351824       0.94529070552
          64.8153002       0.94541127068
           64.895418       0.94553364126
          64.9755358        0.9456578256
          65.0556536       0.94578383184
          65.1357714       0.94591166795
          65.2158892       0.94604134168
           65.296007       0.94617286058
          65.3761248       0.94630623202
          65.4562426       0.94644146316
          65.5363604       0.94657856096
          65.6164782       0.94671753217
           65.696596       0.94685838336
          65.7767138       0.94700112087
          65.8568316       0.94714575086
          65.9369494       0.94729227926
          66.0170672       0.94744071182
           66.097185       0.94759105405
          66.1773028       0.94774331129
          66.2574206       0.94789748863
          66.3375384       0.94805359099
          66.4176562       0.94821162306
           66.497774       0.94837158931
          66.5778918       0.94853349402
          66.6580096       0.94869734125
          66.7381274       0.94886313482
          66.8182452       0.94903087839
           66.898363       0.94920057536
          66.9784808       0.94937222894
          67.0585986       0.94954584212
          67.1387164       0.94972141767
          67.2188342       0.94989895814
           67.298952       0.95007846588
          67.3790698       0.95025994301
          67.4591876       0.95044339145
          67.5393054       0.95062881287
          67.6194232       0.95081620877
           67.699541        0.9510055804
          67.7796588       0.95119692879
          67.8597766       0.95139025478
          67.9398944       0.95158555896
          68.0200122       0.95178284172
            68.10013       0.95198210324
          68.1802478       0.95218334346
          68.2603656       0.95238656212
          68.3404834       0.95259175874
          68.4206012       0.95279893262
           68.500719       0.95300808283
          68.5808368       0.95321920825
          68.6609546       0.95343230751
          68.7410724       0.95364737906
          68.8211902       0.95386442109
           68.901308       0.95408343161
          68.9814258       0.95430440839
          69.0615436       0.95452734901
          69.1416614        0.9547522508
          69.2217792        0.9549791109
           69.301897       0.95520792623
          69.3820148       0.95543869349
          69.4621326       0.95567140916
          69.5422504       0.95590606952
          69.6223682       0.95614267064
           69.702486       0.95638120835
          69.7826038       0.95662167829
          69.8627216        0.9568640759
          69.9428394       0.95710839637
          70.0229572       0.95735463471
           70.103075       0.95760278571
          70.1831928       0.95785284395
          70.2633106       0.95810480381
          70.3434284       0.95835865945
          70.4235462       0.95861440483
           70.503664       0.95887203369
          70.5837818       0.95913153959
          70.6638996       0.95939291587
          70.7440174       0.95965615565
          70.8241352       0.95992125187
           70.904253       0.96018819726
          70.9843708       0.96045698435
          71.0644886       0.96072760546
          71.1446064       0.96100005272
          71.2247242       0.96127431807
           71.304842       0.96155039321
          71.3849598        0.9618282697
          71.4650776       0.96210793887
          71.5451954       0.96238939185
          71.6253132       0.96267261961
           71.705431       0.96295761288
          71.7855488       0.96324436223
          71.8656666       0.96353285804
          71.9457844       0.96382309048
          72.0259022       0.96411504956
            72.10602       0.96440872507
          72.1861378       0.96470410665
          72.2662556       0.96500118371
          72.3463734       0.96529994552
          72.4264912       0.96560038114
           72.506609       0.96590247947
          72.5867268        0.9662062292
          72.6668446       0.96651161888
          72.7469624       0.96681863685
          72.8270802       0.96712727128
           72.907198       0.96743751019
          72.9873158       0.96774934139
          73.0674336       0.96806275255
          73.1475514       0.96837773115
          73.2276692        0.9686942645
           73.307787       0.96901233977
          73.3879048       0.96933194392
          73.4680226       0.96965306378
          73.5481404       0.96997568601
          73.6282582       0.97029979709
           73.708376       0.97062538336
          73.7884938         0.970952431
          73.8686116       0.97128092603
          73.9487294        0.9716108543
          74.0288472       0.97194220152
           74.108965       0.97227495325
          74.1890828        0.9726090949
          74.2692006       0.97294461171
          74.3493184       0.97328148881
          74.4294362       0.97361971115
           74.509554       0.97395926354
          74.5896718       0.97430013068
          74.6697896       0.97464229708
          74.7499074       0.97498574715
          74.8300252       0.97533046515
           74.910143       0.97567643519
          74.9902608       0.97602364128
          75.0703786       0.97637206725
          75.1504964       0.97672169685
          75.2306142       0.97707251367
           75.310732       0.97742450118
          75.3908498       0.97777764273
          75.4709676       0.97813192154
          75.5510854       0.97848732071
          75.6312032       0.97884382322
           75.711321       0.97920141194
          75.7914388       0.97956006962
          75.8715566       0.97991977889
          75.9516744       0.98028052228
          76.0317922        0.9806422822
            76.11191       0.98100504094
          76.1920278       0.98136878072
          76.2721456       0.98173348363
          76.3522634       0.98209913165
          76.4323812       0.98246570667
           76.512499        0.9828331905
          76.5926168       0.98320156482
          76.6727346       0.98357081124
          76.7528524       0.98394091126
          76.8329702        0.9843118463
           76.913088        0.9846835977
          76.9932058       0.98505614668
          77.0733236       0.98542947442
          77.1534414       0.98580356199
          77.2335592       0.98617839038
           77.313677        0.9865539405
          77.3937948       0.98693019321
          77.4739126       0.98730712925
          77.5540304       0.98768472933
          77.6341482       0.98806297406
           77.714266         0.988441844
          77.7943838       0.98882131964
          77.8745016        0.9892013814
          77.9546194       0.98958200965
          78.0347372       0.98996318467
           78.114855       0.99034488673
          78.1949728       0.99072709599
          78.2750906       0.99110979261
          78.3552084       0.99149295666
          78.4353262       0.99187656817
           78.515444       0.99226060713
          78.5955618       0.99264505348
          78.6756796       0.99302988711
          78.7557974       0.99341508789
          78.8359152       0.99380063563
           78.916033       0.99418651012
          78.9961508       0.99457269109
          79.0762686       0.99495915826
          79.1563864       0.99534589131
          79.2365042       0.99573286991
           79.316622       0.99612007368
          79.3967398       0.99650748223
          79.4768576       0.99689507513
          79.5569754       0.99728283196
          79.6370932       0.99767073226
           79.717211       0.99805875557
          79.7973288        0.9984468814
          79.8774466       0.99883508926
          79.9575644       0.99922335865
          80.0376822       0.99961166907
             80.1178                   1
