                0.02     -0.033463517251      0.037965054178
                0.04      -0.03394314267      0.071320015224
                0.06     -0.046243287199       0.10470010903
                0.08     -0.056718762155       0.12509941966
                 0.1      0.064554061148       0.27508037694
                0.12      0.030714695011       0.28071469501
                0.14     0.0071412489412       0.29047458227
                0.16    -0.0082780722559       0.26715617092
                0.18    -0.0059371586115       0.28893463626
                 0.2        0.1293249591       0.42599901675
                0.22       0.13123555754       0.43412017292
                0.24       0.10836199864       0.41486354662
                0.26       0.21405062576       0.51405062576
                0.28       0.20552843827       0.50158106985
                 0.3       0.20344573294       0.50176506068
                0.32       0.24180272023       0.55794028637
                0.34       0.23081569196       0.54677399188
                0.36       0.25888328093       0.57537043918
                0.38         0.266159156       0.56994956848
                 0.4       0.27182732464       0.56861580747
                0.42       0.26222397596       0.55900520891
                0.44       0.27055395971       0.56516312413
                0.46       0.25279160299         0.543796894
                0.48       0.30375745145       0.59271849041
                 0.5       0.29884155564       0.59188184868
                0.52       0.31043869919       0.61599425475
                0.54       0.30357566199       0.61277871344
                0.56       0.31689076092       0.62939076092
                0.58       0.43426367629       0.74669368748
                 0.6       0.42881492534       0.74116923769
                0.62       0.53771546994       0.84089007311
                0.64       0.55112669182        0.8500129907
                0.66       0.55216160341       0.84265358793
                0.68        0.5613844811        0.8481058346
                 0.7       0.54542848999       0.82438601894
                0.72       0.54071214057       0.81755331182
                0.74       0.54651215981       0.81987413618
                0.76       0.54736388266       0.82236388266
                0.78       0.53335099572       0.79157072306
                 0.8       0.54103442884       0.79715227156
                0.82        0.5420084585       0.79037447158
                0.84        0.5534505626       0.80479155877
                0.86        0.5658082628       0.80866540566
                0.88       0.55406380828       0.79505479927
                 0.9       0.62701900623       0.86460936768
                0.92        0.6646554942       0.90078742824
                0.94       0.65707904588       0.89227068351
                0.96        0.6617975644       0.90043392804
                0.98       0.66557934704        0.8915746632
                   1        0.6731175214       0.90105869787
                1.02       0.67650258353       0.89860784668
                1.04       0.67215845198       0.87767884579
                1.06       0.67263522144       0.88316153723
                1.08       0.67788636519       0.88696536999
                 1.1       0.68327662601       0.88642865369
                1.12       0.68022843244       0.88290222923
                1.14       0.68265820023       0.88137614894
                1.16       0.73629607045        0.9213103232
                1.18       0.74484583407       0.92255667744
                 1.2        0.7521050331       0.92742970842
                1.22       0.75172264687       0.92732947935
                1.24       0.75789145974       0.92301966487
                1.26       0.83364254884       0.99485407791
                1.28       0.83604218989       0.99432969971
                 1.3       0.83623861579       0.98804584471
                1.32       0.83808981247       0.98723721679
                1.34        0.8399827394       0.99020044623
                1.36       0.84377957868       0.99051453386
                1.38        0.8425655158       0.98667742211
                 1.4       0.84910596106       0.99154094924
                1.42       0.85555644544       0.99519608508
                1.44       0.85484673978       0.98697299376
                1.46       0.86008231999       0.99216631187
                1.48       0.86077243412       0.98750880455
                 1.5       0.86207480252       0.98262564998
                1.52       0.86336503581       0.98446690691
                1.54       0.86292825142       0.98303193805
                1.56       0.85779519916       0.97953432959
                1.58       0.86287403774       0.98052109656
                 1.6       0.86658769192       0.98237716561
                1.62       0.87274171474       0.98607504808
                1.64       0.90937734511        1.0061515387
                1.66        0.9126168122        1.0063668122
                1.68       0.91486625757        1.0041519719
                 1.7       0.91662708746       0.99881886829
                1.72       0.91953811555       0.99890319491
                1.74       0.92215230616       0.99677917183
                1.76       0.92511529733       0.99529073593
                1.78       0.92748854128       0.99200467032
                 1.8        0.9659445124        1.0234157768
                1.82       0.96753337269         1.020724862
                1.84       0.97092396763        1.0209239676
                1.86       0.97328644164        1.0167647025
                1.88       0.97680762058         1.015269159
                 1.9       0.98126721092         1.018304248
                1.92       0.98433188747         1.016589952
                1.94       0.98746769712        1.0124676971
                1.96       0.99125859537        1.0034537173
                1.98       0.99564872808       0.99564872808
