                   0                   0
                0.02     -0.016968114139
                0.04     -0.029370887034
                0.06     -0.041883470353
                0.08     -0.041531432964
                 0.1     -0.040464878622
                0.12     -0.025640934165
                0.14     -0.015108244788
                0.16    -0.0039276814978
                0.18     -0.011964847856
                 0.2     -0.020014878463
                0.22     -0.022265219714
                0.24    -0.0093327004901
                0.26     -0.017721515605
                0.28     -0.011208984423
                 0.3     -0.010403142764
                0.32      -0.01156539755
                0.34     -0.006254931261
                0.36     -0.020744366271
                0.38    -0.0064922712944
                 0.4    -0.0076795139381
                0.42    0.00094951507307
                0.44    -0.0031999552981
                0.46     0.0047153566112
                0.48     0.0027145967698
                 0.5     0.0044336849325
                0.52    -0.0040020461664
                0.54     0.0013210183653
                0.56    -0.0079882574567
                0.58    -0.0081044164353
                 0.6    -0.0045923058477
                0.62    -0.0074744085989
                0.64      -0.01373278005
                0.66     -0.011801964968
                0.68     -0.014760362809
                 0.7    -0.0067672331615
                0.72    -0.0018642153477
                0.74    -0.0040078348775
                0.76    -0.0053113068986
                0.78     0.0016763210382
                 0.8    0.00077062506427
                0.82     0.0034608782878
                0.84   -0.00075223782665
                0.86    -0.0058035745464
                0.88     0.0008149128425
                 0.9     0.0049452035925
                0.92     0.0034939806511
                0.94     0.0077318416406
                0.96     0.0052943940908
                0.98     0.0048845343701
                   1   -0.00038447254977
                1.02   -0.00050942961791
                1.04     0.0058751776266
                1.06     0.0047199970144
                1.08     0.0033270626988
                 1.1     0.0035792162205
                1.12     0.0033067937554
                1.14     0.0034749872591
                1.16     0.0045303619002
                1.18     0.0051412206805
                 1.2     0.0041030090105
                1.22     0.0037950458612
                1.24     0.0020536572794
                1.26     0.0042750639773
                1.28     0.0042440969005
                 1.3     0.0061010900285
                1.32     0.0059039145294
                1.34     0.0042031843335
                1.36     0.0037982531234
                1.38     0.0078617516742
                 1.4      0.005920743288
                1.42     0.0036744391963
                1.44     0.0067420220376
                1.46     0.0048125946386
                1.48     0.0047725617467
                 1.5      0.005337202713
                1.52     0.0047925237014
                1.54     0.0046720736329
                1.56     0.0047535283095
                1.58      0.003405621761
                 1.6     0.0032832425338
                1.62    0.00058857685418
                1.64     0.0063971017928
                1.66     0.0063795915649
                1.68     0.0072480272915
                 1.7     0.0085120435006
                1.72     0.0085435194924
                1.74     0.0087983872677
                1.76     0.0086381511003
                1.78     0.0090076027634
                 1.8     0.0096028442334
                1.82      0.010649523788
                1.84     0.0098439894295
                1.86      0.010016577332
                1.88     0.0089821460293
                 1.9     0.0069647620179
                1.92     0.0063031797724
                1.94     0.0055380060602
                1.96     0.0040927604569
                1.98     0.0020312670869
