                   0                   0
       0.08847711617       0.13043478261
        0.1806484787                0.25
        0.2520413796       0.33333333333
        0.3035447776               0.375
        0.3798889338       0.40740740741
        0.4651641975       0.45454545455
        0.5659741162       0.57142857143
        0.6156778206       0.66666666667
        0.8878792444                0.75
        0.9137211433       0.78181818182
         1.145089291       0.83333333333
         1.179720329       0.84210526316
         1.255403364       0.91891891892
         1.376573546       0.92452830189
         1.625441814       0.96363636364
         1.782865493                   1
                   2                   1
