                0.02               0.273
                0.04               0.094
                0.06               0.109
                0.08               0.157
                 0.1               0.153
                0.12               0.132
                0.14               0.095
                0.16               0.075
                0.18               0.071
                 0.2               0.062
                0.22               0.074
                0.24               0.068
                0.26               0.069
                0.28               0.063
                 0.3                0.06
                0.32               0.057
                0.34               0.052
                0.36               0.041
                0.38               0.054
                 0.4                0.05
                0.42                0.05
                0.44               0.056
                0.46               0.052
                0.48               0.056
                 0.5                0.05
                0.52               0.043
                0.54               0.042
                0.56               0.044
                0.58                0.04
                 0.6                0.04
                0.62               0.047
                0.64               0.055
                0.66               0.053
                0.68               0.055
                 0.7               0.045
                0.72               0.044
                0.74               0.048
                0.76               0.057
                0.78               0.063
                 0.8               0.072
                0.82               0.073
                0.84               0.073
                0.86               0.071
                0.88               0.072
                 0.9               0.076
                0.92               0.068
                0.94               0.068
                0.96               0.065
                0.98               0.055
                   1               0.057
                1.02               0.061
                1.04               0.066
                1.06               0.061
                1.08               0.064
                 1.1               0.052
                1.12               0.055
                1.14               0.056
                1.16               0.054
                1.18               0.061
                 1.2               0.058
                1.22               0.055
                1.24               0.064
                1.26               0.055
                1.28               0.064
                 1.3               0.066
                1.32               0.077
                1.34                0.07
                1.36               0.069
                1.38               0.074
                 1.4               0.068
                1.42               0.067
                1.44               0.064
                1.46               0.071
                1.48               0.065
                 1.5               0.068
                1.52               0.065
                1.54               0.068
                1.56               0.072
                1.58               0.078
                 1.6               0.083
                1.62                 0.1
                1.64               0.116
                1.66               0.136
                1.68                0.15
                 1.7               0.175
                1.72               0.188
                1.74               0.202
                1.76               0.212
                1.78               0.224
                 1.8               0.235
                1.82               0.239
                1.84               0.244
                1.86               0.236
                1.88               0.239
                 1.9                0.24
                1.92                0.23
                1.94               0.232
                1.96                0.35
                1.98               0.951
