                0.02      0.036639491858      0.086639491858
                0.04      0.019357214447       0.10631373619
                0.06     0.0033983160106       0.12620533355
                0.08      0.035427662914        0.1684019794
                 0.1      0.033750239741       0.17798100897
                0.12      0.029311728644       0.18602032403
                0.14       0.02336371897       0.18918220922
                0.16      0.021646115318       0.19036046372
                0.18      0.068138446986       0.24422971683
                 0.2      0.060178535821       0.25188625339
                0.22      0.065659336656       0.25634954532
                0.24      0.079066932573       0.26534144238
                0.26       0.23869549748       0.41397907957
                0.28       0.29928808337       0.48023772366
                 0.3       0.29015847504       0.47653937574
                0.32       0.29130705114       0.47235883757
                0.34       0.29665845513       0.47522988371
                0.36       0.28896435265       0.47384688584
                0.38       0.29401039437       0.47953336828
                 0.4        0.2956137548       0.47837237549
                0.42       0.38770360464       0.56694888766
                0.44       0.38202957153       0.56505902455
                0.46        0.4234650923       0.61019664967
                0.48       0.42737192881       0.60801849936
                 0.5       0.41858817733       0.61246572835
                0.52       0.42497541083       0.61024393768
                0.54       0.42889103426       0.60988615314
                0.56       0.44547407614       0.60871217137
                0.58       0.44630961377       0.60972538862
                 0.6       0.43847524303       0.60329005784
                0.62       0.43448831266       0.60907961515
                0.64       0.43871231914        0.6136585557
                0.66       0.43986840903       0.60919318119
                0.68       0.44282257341       0.60972408109
                 0.7       0.44914481535       0.61441775379
                0.72       0.61017230117        0.7753803174
                0.74       0.61099661818       0.77562246852
                0.76       0.61084663692       0.77949743057
                0.78       0.61181309518       0.77405734071
                 0.8       0.61427029894        0.7757905841
                0.82       0.61702156864       0.77661608021
                0.84       0.64897348093       0.79524677285
                0.86       0.64732097018       0.79601378064
                0.88         0.647281675       0.79098796871
                 0.9       0.64845982774       0.79025824671
                0.92        0.6497969708       0.78895402284
                0.94        0.6479584518       0.78551501289
                0.96       0.65151794937       0.78836005463
                0.98       0.65281886595        0.7864353539
                   1       0.65279632403       0.78562380672
                1.02       0.65740864306       0.78850520607
                1.04       0.65483468063       0.78851552811
                1.06       0.67470682418       0.80509690295
                1.08       0.67196921035       0.79787319558
                 1.1        0.6710776565       0.79973745031
                1.12       0.75747087109       0.88079076356
                1.14       0.75881299814       0.88232604906
                1.16       0.78072049477       0.89783601567
                1.18       0.78297149687       0.89984749368
                 1.2       0.78444881509       0.89717282943
                1.22        0.7810201812       0.89699814263
                1.24       0.78399210049       0.89497888278
                1.26       0.78784752588        0.8919444492
                1.28       0.82224100013       0.92681616352
                 1.3       0.82130070246       0.92071590714
                1.32       0.82023728474       0.92258838192
                1.34       0.82201681519         0.921099384
                1.36        0.8229354207        0.9212258702
                1.38        0.8225786209       0.92214572047
                 1.4       0.82529198605        0.9208566119
                1.42       0.82479089033       0.92007053434
                1.44       0.82301371965       0.92082321781
                1.46       0.82437602192       0.92050791792
                1.48       0.82493778834       0.91755831234
                 1.5       0.82734022662       0.91782754694
                1.52       0.82922527749       0.92093938249
                1.54       0.83090545403       0.91576085738
                1.56       0.83157784522       0.91491117855
                1.58       0.83186683811       0.91310714818
                 1.6       0.83545585835       0.91623893666
                1.62       0.83539451819       0.91469684377
                1.64       0.91242345389       0.99223259707
                1.66       0.91208638935        0.9940520382
                1.68       0.91410403373       0.99510505518
                 1.7       0.91542243842       0.99531754332
                1.72       0.91440045235       0.99315326495
                1.74       0.91275577027       0.98951177387
                1.76       0.91297011746       0.98955766057
                1.78       0.90801737384       0.98882545465
                 1.8       0.91268857056       0.98645906236
                1.82       0.95092179709        1.0213443323
                1.84       0.95631434607        1.0163143461
                1.86       0.96204755604        1.0099927615
                1.88       0.96775036959          1.01143969
                 1.9       0.98584663226         1.021560918
                1.92       0.98999702773        1.0177748055
                1.94         0.993571526        1.0144048593
                1.96       0.99678717173        1.0082814246
                1.98       0.99898199976       0.99898199976
