                   0                   0
       0.00694942661      0.067796610169
       0.06764390136      0.090909090909
       0.07437260546        0.1038961039
        0.1694108649       0.15492957746
        0.2396191797       0.16666666667
        0.2518944574       0.31578947368
        0.2652680409       0.38095238095
        0.4076593455       0.45454545455
        0.4168855783       0.47368421053
        0.4553385761       0.51428571429
        0.4862385963       0.51470588235
        0.5562163967       0.52413793103
        0.7086306041                 0.6
        0.7174626229        0.6880733945
        0.8343825074       0.71818181818
         1.041432345       0.73493975904
           1.1157265       0.81818181818
         1.141704562       0.83687943262
          1.27315708       0.87258687259
         1.502538737       0.87603305785
         1.628919956       0.95375722543
         1.802094779       0.98701298701
         1.889834034                   1
                   2                   1
