                0.02               0.669
                0.04               0.342
                0.06                0.12
                0.08               0.062
                 0.1               0.053
                0.12               0.048
                0.14               0.054
                0.16                0.06
                0.18               0.071
                 0.2               0.065
                0.22               0.064
                0.24               0.043
                0.26               0.056
                0.28               0.063
                 0.3               0.062
                0.32               0.061
                0.34               0.044
                0.36               0.048
                0.38               0.044
                 0.4               0.049
                0.42               0.047
                0.44               0.041
                0.46               0.041
                0.48               0.051
                 0.5               0.046
                0.52               0.039
                0.54               0.051
                0.56                0.06
                0.58               0.044
                 0.6               0.037
                0.62               0.051
                0.64                0.05
                0.66               0.039
                0.68               0.045
                 0.7               0.047
                0.72                0.05
                0.74               0.058
                0.76                0.04
                0.78               0.044
                 0.8               0.049
                0.82               0.054
                0.84               0.047
                0.86               0.047
                0.88               0.043
                 0.9               0.045
                0.92               0.047
                0.94               0.055
                0.96               0.059
                0.98               0.052
                   1               0.056
                1.02               0.057
                1.04               0.061
                1.06               0.057
                1.08               0.048
                 1.1               0.056
                1.12               0.044
                1.14               0.043
                1.16                0.05
                1.18               0.043
                 1.2               0.043
                1.22                0.05
                1.24               0.052
                1.26               0.057
                1.28               0.055
                 1.3               0.053
                1.32               0.052
                1.34               0.049
                1.36               0.043
                1.38               0.052
                 1.4                0.05
                1.42               0.056
                1.44                0.06
                1.46                0.06
                1.48               0.065
                 1.5               0.052
                1.52               0.049
                1.54               0.046
                1.56               0.054
                1.58               0.053
                 1.6               0.048
                1.62               0.042
                1.64               0.045
                1.66               0.043
                1.68               0.048
                 1.7               0.051
                1.72               0.047
                1.74               0.059
                1.76               0.063
                1.78               0.084
                 1.8                0.12
                1.82                0.14
                1.84               0.169
                1.86               0.211
                1.88               0.284
                 1.9                0.36
                1.92               0.454
                1.94               0.527
                1.96               0.569
                1.98                0.67
