                   0                   0
               0.002     0.0017649145834
               0.004     0.0034871490667
               0.006     0.0053153107636
               0.008     0.0071990149666
                0.01     0.0091125662711
               0.012      0.011043385458
               0.014      0.012984839964
               0.016        0.0149332134
               0.018       0.01688633071
                0.02      0.018842881688
               0.022      0.020802064491
               0.024      0.022763386898
               0.026      0.024726551026
               0.028      0.026691400783
                0.03      0.028657894051
               0.032      0.030626058496
               0.034      0.032595964675
               0.036      0.034567706873
               0.038      0.036541390755
                0.04      0.038517126017
               0.042      0.040495021872
               0.044      0.042475184203
               0.046      0.044457713708
               0.048      0.046442704679
                0.05      0.048430244175
               0.052      0.050420411477
               0.054      0.052413278139
               0.056      0.054408910804
               0.058      0.056407372794
                0.06      0.058408723385
               0.062      0.060413017172
               0.064      0.062420303611
               0.066      0.064430626688
               0.068      0.066444024685
                0.07      0.068460530027
               0.072      0.070480169174
               0.074      0.072502962571
               0.076      0.074528924636
               0.078        0.0765580638
                0.08      0.078590382548
               0.082      0.080625877475
               0.084      0.082664539361
               0.086      0.084706353259
               0.088      0.086751298608
                0.09      0.088799349347
               0.092      0.090850474056
               0.094      0.092904636102
               0.096      0.094961793792
               0.098      0.097021900547
                 0.1      0.099084905076
               0.102       0.10115075157
               0.104       0.10321937987
               0.106       0.10529072571
               0.108        0.1073647209
                0.11       0.10944129351
               0.112       0.11152036817
               0.114       0.11360186617
               0.116       0.11568570582
               0.118       0.11777180254
                0.12       0.11986006919
               0.122       0.12195041625
               0.124       0.12404275206
               0.126       0.12613698322
               0.128        0.1282330153
                0.13       0.13033075312
               0.132       0.13243010084
               0.134       0.13453096219
               0.136       0.13663324053
               0.138       0.13873683905
                0.14       0.14084166088
               0.142       0.14294760921
               0.144       0.14505458747
               0.146       0.14716249938
               0.148       0.14927124911
                0.15        0.1513807414
               0.152       0.15349088163
               0.154       0.15560157594
               0.156       0.15771273133
               0.158       0.15982425569
                0.16       0.16193605793
               0.162       0.16404804803
               0.164       0.16616013707
               0.166       0.16827223731
               0.168        0.1703842622
                0.17       0.17249612642
               0.172       0.17460774592
               0.174       0.17671903789
               0.176       0.17882992077
               0.178       0.18094031428
                0.18       0.18305013936
               0.182       0.18515931809
               0.184       0.18726773812
               0.186       0.18937530603
               0.188       0.19148196476
                0.19        0.1935876565
               0.192       0.19569232257
               0.194       0.19779590357
               0.196       0.19989833949
               0.198       0.20199956975
                 0.2       0.20409953307
               0.202       0.20619816745
               0.204       0.20829541011
               0.206       0.21039119736
               0.208       0.21248546458
                0.21       0.21457814625
               0.212       0.21666917663
               0.214       0.21875849005
               0.216       0.22084602098
               0.218       0.22293170392
                0.22       0.22501547348
               0.222       0.22709726431
               0.224       0.22917701114
               0.226       0.23125464874
               0.228       0.23333011202
                0.23       0.23540333604
               0.232       0.23747425591
               0.234       0.23954280685
               0.236       0.24160892416
               0.238       0.24367254317
                0.24       0.24573359924
               0.242       0.24779202775
               0.244       0.24984776406
               0.246       0.25190074353
               0.248       0.25395090214
                0.25       0.25599817742
               0.252       0.25804250844
               0.254       0.26008383566
               0.256       0.26212210138
               0.258       0.26415733446
                0.26       0.26618960589
               0.262       0.26821885833
               0.264       0.27024503109
               0.266       0.27226806156
               0.268       0.27428788536
                0.27        0.2763044365
               0.272       0.27831764757
               0.274       0.28032744991
               0.276       0.28233377375
               0.278        0.2843365484
                0.28       0.28633570242
               0.282       0.28833116378
               0.284       0.29032287942
               0.286       0.29231080105
               0.288       0.29429484937
                0.29       0.29627494439
               0.292        0.2982510058
               0.294       0.30022295323
               0.296       0.30219070636
               0.298       0.30415418518
                 0.3       0.30611331058
               0.302       0.30806800497
               0.304       0.31001819247
               0.306        0.3119637991
               0.308       0.31390475284
                0.31       0.31584098379
               0.312       0.31777242426
               0.314       0.31969900889
               0.316       0.32162067465
               0.318       0.32353736098
                0.32       0.32544900981
               0.322       0.32735556562
               0.324       0.32925697545
               0.326       0.33115318892
               0.328        0.3330441583
                0.33       0.33492983844
               0.332       0.33681018681
               0.334       0.33868516349
               0.336       0.34055473113
               0.338       0.34241885497
                0.34       0.34427750275
               0.342       0.34613064473
               0.344        0.3479782536
               0.346       0.34982030447
               0.348       0.35165677482
                0.35        0.3534876444
               0.352       0.35531289524
               0.354       0.35713251153
               0.356       0.35894647956
               0.358       0.36075478769
                0.36       0.36255742624
               0.362       0.36435438742
               0.364       0.36614566529
               0.366       0.36793125562
               0.368       0.36971115587
                0.37       0.37148536505
               0.372       0.37325388374
               0.374       0.37501671428
               0.376       0.37677386089
               0.378       0.37852532961
                0.38       0.38027112818
               0.382       0.38201126595
               0.384       0.38374575381
               0.386       0.38547460406
               0.388       0.38719783033
                0.39        0.3889154475
               0.392       0.39062747155
               0.394       0.39233391957
               0.396       0.39403480976
               0.398       0.39573016135
                 0.4       0.39741999454
               0.402       0.39910433058
               0.404       0.40078319183
               0.406       0.40245660166
               0.408       0.40412458438
                0.41       0.40578716514
               0.412       0.40744436986
               0.414       0.40909622355
               0.416       0.41074268382
               0.418       0.41238373425
                0.42       0.41401939411
               0.422        0.4156496839
               0.424       0.41727462519
               0.426        0.4188942406
               0.428       0.42050855367
                0.43       0.42211758873
               0.432       0.42372137087
               0.434       0.42531992578
               0.436       0.42691327968
               0.438       0.42850145924
                0.44       0.43008449144
               0.442       0.43166240354
               0.444       0.43323522293
               0.446       0.43480297708
               0.448       0.43636569345
                0.45       0.43792339937
               0.452         0.439476122
               0.454       0.44102388821
               0.456       0.44256672453
               0.458       0.44410465705
                0.46       0.44563771135
               0.462       0.44716591242
               0.464       0.44868928463
               0.466       0.45020785183
               0.468       0.45172163776
                0.47       0.45323066615
               0.472       0.45473496056
               0.474       0.45623454438
               0.476       0.45772944076
               0.478       0.45921967251
                0.48       0.46070526214
               0.482       0.46218623207
               0.484       0.46366260498
               0.486       0.46513440376
               0.488       0.46660165147
                0.49       0.46806437131
               0.492       0.46952258653
               0.494       0.47097632042
               0.496       0.47242559625
               0.498       0.47387043721
                 0.5       0.47531086641
               0.502       0.47674690681
               0.504        0.4781785812
               0.506       0.47960591216
               0.508       0.48102892199
                0.51       0.48244763276
               0.512       0.48386206621
               0.514       0.48527224374
               0.516       0.48667818639
               0.518       0.48807991481
                0.52       0.48947744927
               0.522       0.49087080956
               0.524       0.49226001506
               0.526       0.49364508466
               0.528       0.49502603677
                0.53       0.49640288929
               0.532       0.49777565961
               0.534       0.49914436459
               0.536       0.50050902054
               0.538       0.50186964321
                0.54        0.5032262478
               0.542       0.50457884894
               0.544       0.50592746065
               0.546       0.50727209638
               0.548       0.50861276901
                0.55       0.50994949082
               0.552       0.51128227371
               0.554       0.51261112919
               0.556       0.51393606833
               0.558        0.5152571019
                0.56       0.51657424034
               0.562       0.51788749384
               0.564       0.51919687245
               0.566        0.5205023863
               0.568       0.52180404566
                0.57       0.52310186092
               0.572       0.52439584257
               0.574       0.52568600119
               0.576       0.52697234746
               0.578        0.5282548921
                0.58       0.52953364592
               0.582       0.53080861977
               0.584       0.53207982454
               0.586       0.53334727116
               0.588       0.53461097057
                0.59       0.53587093375
               0.592       0.53712717165
               0.594       0.53837969526
               0.596       0.53962851552
               0.598       0.54087364339
                 0.6       0.54211508977
               0.602       0.54335286555
               0.604       0.54458698158
               0.606       0.54581744863
               0.608       0.54704427745
                0.61        0.5482674787
               0.612       0.54948706298
               0.614        0.5507030408
               0.616       0.55191542258
               0.618       0.55312421865
                0.62       0.55432943922
               0.622       0.55553109438
               0.624       0.55672919411
               0.626       0.55792374823
               0.628       0.55911476644
                0.63       0.56030225885
               0.632         0.561486237
               0.634       0.56266671403
               0.636       0.56384370454
               0.638       0.56501722454
                0.64       0.56618729133
               0.642       0.56735392343
               0.644       0.56851713953
               0.646       0.56967695418
               0.648       0.57083338792
                0.65       0.57198646322
               0.652       0.57313620332
               0.654       0.57428263238
               0.656       0.57542577553
               0.658       0.57656565878
                0.66       0.57770230898
               0.662       0.57883575368
               0.664       0.57996602103
               0.666       0.58109313991
               0.668       0.58221714005
                0.67       0.58333805203
               0.672       0.58445590716
               0.674       0.58557073748
               0.676        0.5866825756
               0.678       0.58779145467
                0.68       0.58889740833
               0.682       0.59000047058
               0.684       0.59110067574
               0.686        0.5921980584
               0.688       0.59329265331
                0.69       0.59438449534
               0.692       0.59547361941
               0.694       0.59656006042
               0.696       0.59764385316
               0.698        0.5987250323
                 0.7       0.59980363228
               0.702       0.60087968726
               0.704       0.60195323104
               0.706       0.60302429702
               0.708       0.60409291814
                0.71       0.60515912678
               0.712       0.60622295474
               0.714       0.60728443315
               0.716        0.6083435924
               0.718       0.60940046212
                0.72       0.61045507105
               0.722       0.61150744706
               0.724       0.61255761699
               0.726       0.61360560667
               0.728       0.61465144081
                0.73       0.61569514295
               0.732       0.61673673539
               0.734       0.61777623913
               0.736       0.61881367382
               0.738       0.61984905766
                0.74       0.62088240735
               0.742       0.62191373808
               0.744       0.62294306346
               0.746       0.62397039555
               0.748       0.62499574478
                0.75       0.62601911988
               0.752       0.62704052781
               0.754       0.62805997374
               0.756       0.62907746153
               0.758       0.63009299455
                0.76       0.63110657576
               0.762       0.63211820768
               0.764       0.63312789237
               0.766       0.63413563143
               0.768       0.63514142595
                0.77       0.63614526314
               0.772        0.6371469206
               0.774        0.6381463207
               0.776       0.63914346569
               0.778       0.64013835897
                0.78       0.64113100504
               0.782       0.64212140949
               0.784       0.64310957895
               0.786       0.64409552105
               0.788       0.64507924436
                0.79       0.64606075839
               0.792        0.6470400735
               0.794        0.6480172009
               0.796       0.64899215258
               0.798       0.64996494127
                 0.8       0.65093558041
               0.802        0.6519040841
               0.804       0.65287046707
               0.806       0.65383474461
               0.808       0.65479693254
                0.81       0.65575704719
               0.812       0.65671510533
               0.814       0.65767112413
               0.816       0.65862512113
               0.818       0.65957711421
                0.82       0.66052712151
               0.822       0.66147516145
               0.824       0.66242125261
               0.826       0.66336541379
               0.828       0.66430766389
                0.83        0.6652480219
               0.832       0.66618650687
               0.834       0.66712313789
               0.836       0.66805793401
               0.838       0.66899091424
                0.84       0.66992209753
               0.842       0.67085150269
               0.844       0.67177914843
               0.846       0.67270505325
               0.848       0.67362923548
                0.85       0.67455171325
               0.852       0.67547250444
               0.854       0.67639162667
               0.856       0.67730909731
               0.858       0.67822493347
                0.86         0.679139152
               0.862       0.68005177211
               0.864        0.6809628177
               0.866        0.6818723128
               0.868        0.6827801973
                0.87       0.68368630375
               0.872       0.68459064568
               0.874        0.6854932434
               0.876       0.68639411665
               0.878       0.68729328462
                0.88       0.68819076591
               0.882       0.68908657848
               0.884       0.68998073965
               0.886       0.69087326609
               0.888       0.69176417375
                0.89       0.69265347789
               0.892       0.69354119305
               0.894       0.69442733303
               0.896       0.69531191087
               0.898       0.69619493886
                 0.9       0.69707642853
               0.902       0.69795639064
               0.904       0.69883483516
               0.906        0.6997117713
               0.908       0.70058720749
                0.91       0.70146115139
               0.912       0.70233360988
               0.914       0.70320458908
               0.916       0.70407409437
               0.918       0.70494213038
                0.92       0.70580870101
               0.922       0.70667380944
               0.924       0.70753745817
               0.926       0.70839964902
               0.928       0.70926037497
                0.93       0.71011956879
               0.932       0.71097721421
               0.934       0.71183330904
               0.936       0.71268782207
               0.938       0.71354072678
                0.94       0.71439201824
               0.942       0.71524169083
               0.944       0.71608970586
               0.946       0.71693596475
               0.948       0.71778045533
                0.95       0.71862317039
               0.952       0.71946410204
               0.954       0.72030324177
               0.956       0.72114058047
               0.958       0.72197610843
                0.96        0.7228098154
               0.962       0.72364169064
               0.964       0.72447172306
               0.966       0.72529990125
               0.968       0.72612621358
                0.97       0.72695064821
               0.972       0.72777319315
               0.974       0.72859383629
               0.976       0.72941256548
               0.978       0.73022936855
                0.98        0.7310442334
               0.982       0.73185714802
               0.984       0.73266810061
               0.986       0.73347707957
               0.988       0.73428407363
                0.99       0.73508907188
               0.992       0.73589206387
               0.994       0.73669303965
               0.996       0.73749198987
               0.998       0.73828890583
                   1       0.73908377959
               1.002       0.73987660401
               1.004       0.74066737286
               1.006       0.74145608089
               1.008       0.74224272389
                1.01       0.74302729878
               1.012       0.74380980368
               1.014       0.74459023802
               1.016       0.74536860256
               1.018       0.74614489951
                1.02       0.74691913257
               1.022       0.74769130701
               1.024       0.74846142973
               1.026       0.74922950935
               1.028       0.74999555621
                1.03       0.75075954018
               1.032       0.75152122758
               1.034       0.75228054092
               1.036       0.75303747907
               1.038       0.75379204329
                1.04       0.75454423625
               1.042       0.75529406213
               1.044       0.75604152674
               1.046       0.75678663773
               1.048       0.75752940616
                1.05       0.75826984735
               1.052       0.75900798084
               1.054       0.75974383017
               1.056       0.76047742277
               1.058       0.76120878977
                1.06       0.76193796583
               1.062       0.76266498897
               1.064       0.76338990037
               1.066       0.76411274419
               1.068       0.76483356737
                1.07       0.76555241946
               1.072       0.76626935239
               1.074       0.76698442028
               1.076       0.76769767925
               1.078       0.76840918719
                1.08       0.76911900355
               1.082       0.76982718915
               1.084       0.77053380595
               1.086       0.77123891684
               1.088       0.77194258543
                1.09       0.77264487584
               1.092       0.77334585245
               1.094       0.77404557973
               1.096       0.77474412199
               1.098       0.77544154319
                 1.1       0.77613789746
               1.102       0.77683317446
               1.104       0.77752741814
               1.106       0.77822068666
               1.108         0.778913037
                1.11       0.77960452485
               1.112       0.78029514825
               1.114       0.78098406659
               1.116        0.7816710042
               1.118       0.78235598992
                1.12        0.7830390529
               1.122       0.78372022262
               1.124       0.78439952876
               1.126       0.78507689774
               1.128       0.78575194974
                1.13       0.78642466549
               1.132       0.78709506711
               1.134       0.78776317709
               1.136       0.78842901825
               1.138       0.78909261373
                1.14       0.78975398698
               1.142       0.79041316169
               1.144       0.79107016151
               1.146       0.79172500999
               1.148       0.79237773071
                1.15       0.79302834729
               1.152       0.79367688344
               1.154       0.79432336295
               1.156       0.79496780969
               1.158        0.7956102476
                1.16        0.7962507007
               1.162       0.79688919309
               1.164       0.79752574894
               1.166       0.79816039248
               1.168       0.79879314797
                1.17       0.79942403974
               1.172       0.80005309209
               1.174       0.80068032939
               1.176       0.80130577598
               1.178       0.80192945621
                1.18       0.80255139439
               1.182       0.80317161491
               1.184       0.80379014245
               1.186       0.80440700206
               1.188       0.80502221917
                1.19       0.80563581954
               1.192       0.80624782925
               1.194        0.8068582747
               1.196       0.80746718255
               1.198       0.80807457977
                 1.2       0.80868049358
               1.202        0.8092849514
               1.204       0.80988798091
               1.206       0.81048960993
               1.208       0.81108986645
                1.21        0.8116887786
               1.212       0.81228637462
               1.214       0.81288268283
               1.216       0.81347773161
               1.218       0.81407154937
                1.22       0.81466416455
               1.222       0.81525560556
               1.224       0.81584590077
               1.226       0.81643507851
               1.228       0.81702316702
                1.23       0.81761019442
               1.232       0.81819618872
               1.234       0.81878117778
               1.236       0.81936518928
               1.238       0.81994825072
                1.24       0.82053038939
               1.242       0.82111163235
               1.244       0.82169200643
               1.246       0.82227153818
               1.248       0.82285025388
                1.25       0.82342817952
               1.252       0.82400534079
               1.254        0.8245817631
               1.256       0.82515747159
               1.258       0.82573249122
                1.26       0.82630684665
               1.262       0.82688056229
               1.264       0.82745366225
               1.266       0.82802617035
               1.268       0.82859806026
                1.27       0.82916892998
               1.272       0.82973870507
               1.274       0.83030740799
               1.276       0.83087506107
               1.278        0.8314416393
                1.28       0.83200706871
               1.282       0.83257136826
               1.284       0.83313455951
               1.286       0.83369666385
               1.288        0.8342577025
                1.29       0.83481769649
               1.292       0.83537666665
               1.294       0.83593463363
               1.296       0.83649161786
               1.298       0.83704763956
                 1.3       0.83760271876
               1.302       0.83815687523
               1.304       0.83871012854
               1.306         0.839262498
               1.308        0.8398140027
                1.31       0.84036466145
               1.312       0.84091449284
               1.314       0.84146351515
               1.316       0.84201169873
               1.318       0.84255884884
                1.32       0.84310495761
               1.322       0.84365004245
               1.324        0.8441941206
               1.326        0.8447372091
               1.328       0.84527932482
                1.33       0.84582048443
               1.332       0.84636070443
               1.334       0.84690000112
               1.336        0.8474383906
               1.338        0.8479758888
                1.34       0.84851251141
               1.342       0.84904827393
               1.344       0.84958319164
               1.346       0.85011727956
               1.348       0.85065055082
                1.35       0.85118301891
               1.352       0.85171469815
               1.354       0.85224560257
               1.356       0.85277574591
               1.358       0.85330514161
                1.36        0.8538338028
               1.362       0.85436174231
               1.364       0.85488897258
               1.366       0.85541550574
               1.368       0.85594135354
                1.37       0.85646652735
               1.372       0.85699103817
               1.374       0.85751489661
               1.376       0.85803811284
               1.378       0.85856069666
                1.38        0.8590826574
               1.382         0.859604004
               1.384       0.86012474493
               1.386       0.86064488821
               1.388       0.86116444145
                1.39       0.86168341178
               1.392       0.86220180591
               1.394       0.86271963011
               1.396       0.86323689021
               1.398       0.86375359161
                 1.4       0.86426973931
               1.402       0.86478533789
               1.404       0.86530039154
               1.406       0.86581490408
               1.408       0.86632887898
                1.41       0.86684231937
               1.412       0.86735522809
               1.414       0.86786760771
               1.416       0.86837946003
               1.418        0.8688907535
                1.42       0.86940146997
               1.422       0.86991161158
               1.424       0.87042118063
               1.426       0.87093017965
               1.428       0.87143861138
                1.43       0.87194647885
               1.432       0.87245378535
               1.434       0.87296053453
               1.436       0.87346673038
               1.438       0.87397237726
                1.44       0.87447747997
               1.442       0.87498204376
               1.444       0.87548607433
               1.446       0.87598957794
               1.448       0.87649256135
                1.45       0.87699503192
               1.452       0.87749699759
               1.454       0.87799846694
               1.456       0.87849944919
               1.458       0.87899995425
                1.46        0.8794999927
               1.462       0.87999957585
               1.464       0.88049871571
               1.466       0.88099742502
               1.468       0.88149571728
                1.47       0.88199360696
               1.472       0.88249110986
               1.474       0.88298824308
               1.476       0.88348502489
               1.478       0.88398147464
                1.48       0.88447761259
               1.482       0.88497345986
               1.484       0.88546903824
               1.486       0.88596437008
               1.488       0.88645947819
                1.49       0.88695438561
               1.492       0.88744911555
               1.494       0.88794369121
               1.496       0.88843813559
               1.498        0.8889324714
                 1.5       0.88942672087
               1.502       0.88992090556
               1.504       0.89041504626
               1.506       0.89090916279
               1.508       0.89140327384
                1.51       0.89189739683
               1.512        0.8923915477
               1.514       0.89288574084
               1.516       0.89337998884
               1.518       0.89387430242
                1.52       0.89436869023
               1.522       0.89486315873
               1.524       0.89535771209
               1.526       0.89585235202
               1.528       0.89634707767
                1.53       0.89684188556
               1.532       0.89733676946
               1.534       0.89783172032
               1.536        0.8983267262
               1.538       0.89882177224
                1.54       0.89931684062
               1.542       0.89981191054
               1.544       0.90030695822
               1.546       0.90080195693
               1.548       0.90129687701
                1.55       0.90179168596
               1.552       0.90228634846
               1.554       0.90278082652
               1.556       0.90327507954
               1.558        0.9037690645
                1.56       0.90426273609
               1.562       0.90475604686
               1.564       0.90524894742
               1.566        0.9057413866
               1.568       0.90623331167
                1.57       0.90672455722
               1.572       0.90721494311
               1.574       0.90770444444
               1.576       0.90819303667
               1.578       0.90868066101
                1.58       0.90916711359
               1.582       0.90965237488
               1.584       0.91013645733
               1.586       0.91061937367
               1.588       0.91110113691
                1.59       0.91158176025
               1.592       0.91206125714
               1.594       0.91253964121
               1.596       0.91301692623
               1.598       0.91349312616
                 1.6       0.91396825505
               1.602       0.91444232707
               1.604       0.91491535649
               1.606       0.91538735763
               1.608       0.91585834489
                1.61        0.9163283327
               1.612        0.9167973355
               1.614       0.91726536777
               1.616       0.91773244397
               1.618       0.91819857854
                1.62       0.91866378592
               1.622       0.91912808049
               1.624       0.91959147658
               1.626       0.92005398849
               1.628       0.92051563042
                1.63       0.92097641653
               1.632       0.92143636086
               1.634        0.9218954774
               1.636          0.92235378
               1.638       0.92281128243
                1.64       0.92326799836
               1.642       0.92372394133
               1.644       0.92417912474
               1.646       0.92463356189
               1.648       0.92508726594
                1.65       0.92554024988
               1.652       0.92599252659
               1.654       0.92644410878
               1.656       0.92689500898
               1.658       0.92734523958
                1.66       0.92779481277
               1.662       0.92824374056
               1.664       0.92869203476
               1.666       0.92913970697
               1.668       0.92958676854
                1.67       0.93003323063
               1.672       0.93047910408
               1.674       0.93092439954
               1.676       0.93136912738
               1.678       0.93181329779
                1.68       0.93225692065
               1.682       0.93270000559
               1.684        0.9331425619
               1.686       0.93358459853
               1.688       0.93402612403
                1.69       0.93446714653
               1.692       0.93490767366
               1.694       0.93534771259
               1.696       0.93578729474
               1.698       0.93622645516
                 1.7       0.93666521299
               1.702       0.93710358798
               1.704       0.93754160055
               1.706       0.93797927188
               1.708       0.93841662396
                1.71       0.93885367964
               1.712       0.93929046277
               1.714       0.93972699818
               1.716       0.94016331184
               1.718        0.9405994309
                1.72       0.94103538378
               1.722       0.94147120023
               1.724       0.94190691143
               1.726       0.94234255007
               1.728       0.94277815043
                1.73       0.94321374846
               1.732       0.94364938199
               1.734        0.9440850909
               1.736       0.94452091729
               1.738       0.94495690558
                1.74       0.94539310266
               1.742       0.94582955802
               1.744       0.94626632394
               1.746       0.94670345558
               1.748       0.94714101118
                1.75        0.9475790522
               1.752       0.94801764342
               1.754       0.94845685312
               1.756       0.94889675313
               1.758       0.94933741896
                1.76       0.94977892976
               1.762       0.95022136832
               1.764       0.95066482096
               1.766       0.95110937726
               1.768       0.95155512978
                1.77       0.95200217344
               1.772       0.95245060479
               1.774       0.95290052096
               1.776       0.95335201843
               1.778       0.95380519425
                1.78       0.95426014841
               1.782        0.9547169839
               1.784        0.9551758064
               1.786       0.95563672383
               1.788       0.95609984577
                1.79       0.95656528394
               1.792       0.95703315316
               1.794       0.95750357141
               1.796       0.95797665976
               1.798       0.95845254213
                 1.8       0.95893134512
               1.802       0.95941319771
               1.804       0.95989823084
               1.806       0.96038657696
               1.808       0.96087836936
                1.81       0.96137374137
               1.812       0.96187282534
               1.814       0.96237575132
               1.816       0.96288264543
               1.818       0.96339362782
                1.82       0.96390881008
               1.822       0.96442829211
               1.824       0.96495215818
               1.826       0.96548047206
               1.828       0.96601327115
                1.83        0.9665505592
               1.832       0.96709229746
               1.834       0.96763839555
               1.836       0.96818871894
               1.838       0.96874310397
                1.84       0.96930135905
               1.842       0.96986326452
               1.844       0.97042857275
               1.846       0.97099700871
               1.848       0.97156827048
                1.85       0.97214202746
               1.852       0.97271791884
               1.854       0.97329555366
               1.856       0.97387451132
               1.858       0.97445434226
                1.86       0.97503456903
               1.862       0.97561468763
               1.864       0.97619416917
               1.866       0.97677246192
               1.868       0.97734899375
                1.87       0.97792317489
               1.872       0.97849440115
               1.874       0.97906205754
               1.876       0.97962552226
               1.878       0.98018417117
                1.88       0.98073738257
               1.882       0.98128454242
               1.884       0.98182504988
               1.886       0.98235832311
               1.888       0.98288380539
                1.89       0.98340097125
               1.892       0.98390933277
               1.894       0.98440844567
               1.896       0.98489791514
               1.898       0.98537740156
                 1.9       0.98584663226
               1.902       0.98630546404
               1.904       0.98675403218
               1.906       0.98719235348
               1.908       0.98762051946
                1.91         0.988038741
               1.912       0.98844735501
               1.914       0.98884682876
               1.916       0.98923776103
               1.918       0.98962087873
                1.92       0.98999702773
               1.922       0.99036715587
               1.924       0.99073228594
               1.926       0.99109347543
               1.928       0.99145175948
                1.93       0.99180807198
               1.932       0.99216313864
               1.934       0.99251733403
               1.936       0.99287051243
               1.938       0.99322212026
                1.94         0.993571526
               1.942        0.9939180693
               1.944       0.99426106221
               1.946       0.99459979064
               1.948        0.9949335163
                1.95       0.99526147911
               1.952        0.9955829002
               1.954        0.9958969857
               1.956       0.99620293139
               1.958       0.99649992862
                1.96       0.99678717173
               1.962       0.99706386762
               1.964       0.99732924816
               1.966       0.99758258668
               1.968       0.99782322029
                1.97       0.99805058079
               1.972       0.99826423805
               1.974       0.99846395074
               1.976        0.9986497501
               1.978       0.99882218477
                1.98       0.99898199976
               1.982       0.99913050123
               1.984       0.99926975036
               1.986       0.99940238824
               1.988       0.99953029042
                1.99        0.9996525383
               1.992       0.99976660688
               1.994       0.99986836606
               1.996       0.99995027893
               1.998       0.99999664215
                   2                   1
