                0.02      0.013611656816      0.023565770386
                0.04      0.027268021608      0.047063519832
                0.06      0.041124431156      0.070409196435
                0.08      0.055100760193      0.093253242208
                 0.1      0.069217162638       0.11523888321
                0.12      0.083701528991       0.13796196563
                0.14      0.097972142004       0.15937813837
                0.16       0.11257521277       0.18097015651
                0.18       0.12764079507       0.20246242306
                 0.2       0.14312308774       0.22288455173
                0.22        0.1588256511       0.24258807899
                0.24       0.17488475183       0.26177735161
                0.26       0.19114298341       0.28061274144
                0.28       0.20624214785       0.29939056191
                 0.3       0.22271465464       0.31819244295
                0.32       0.23857452665       0.33526651228
                0.34       0.25474824088        0.3522117061
                0.36       0.27077561902         0.370448721
                0.38        0.2864304949       0.38796700655
                 0.4       0.30183259052       0.40427040415
                0.42       0.31767720736       0.42131038557
                0.44       0.33240087507       0.43838898375
                0.46       0.34589076454       0.45455772143
                0.48       0.36033246527       0.47010574022
                 0.5       0.37556726467       0.48624631649
                0.52       0.39021338221       0.50036540336
                0.54       0.40201245019        0.5135041992
                0.56       0.41378607298       0.52603428121
                0.58       0.42688621727         0.538715584
                 0.6       0.43863678796       0.54949128293
                0.62       0.45130295163       0.56032477916
                0.64       0.46429007421       0.57342398157
                0.66       0.47784904103       0.58484138694
                0.68       0.48947539723        0.5986456064
                 0.7       0.50021989308        0.6099421174
                0.72       0.51069659273       0.62142517739
                0.74       0.52228593397       0.63066147049
                0.76       0.53339170266       0.64180093612
                0.78       0.54400225056       0.65268594453
                 0.8       0.55397711871       0.66194930206
                0.82       0.56583944251       0.67287658203
                0.84       0.57694594464       0.68091086681
                0.86       0.58705203126       0.69139681346
                0.88       0.59587842751       0.70067295331
                 0.9       0.60858214474       0.71073846359
                0.92       0.62003946035       0.72119066018
                0.94        0.6298465568       0.73108756055
                0.96       0.63994358805       0.74152537793
                0.98       0.65045296528       0.75169058555
                   1       0.66301814597       0.76145159646
                1.02       0.67522354852       0.77276096381
                1.04       0.68806018479       0.78311305975
                1.06       0.70021722862       0.79413336039
                1.08       0.71411647805       0.80426434416
                 1.1       0.72721396157       0.81400329909
                1.12       0.73888779641       0.82414520926
                1.14       0.75241146273       0.83441577247
                1.16        0.7659396823       0.84443721155
                1.18       0.77898551467       0.85410361438
                 1.2       0.79180602472       0.86410407298
                1.22       0.80425825417       0.87393467541
                1.24       0.81498506266       0.88319290564
                1.26       0.82513447787       0.89248562879
                1.28       0.83571464994       0.90108516002
                 1.3       0.84610922742       0.90889515335
                1.32       0.85544252755       0.91649136688
                1.34       0.86449545947       0.92423937485
                1.36       0.87304112701       0.93097182921
                1.38       0.88065595028       0.93648056626
                 1.4        0.8875250901       0.94238874971
                1.42       0.89413343195        0.9478688092
                1.44       0.90008611821       0.95262294238
                1.46       0.90557423089        0.9573446487
                1.48       0.90979140737       0.96161028897
                 1.5       0.91329827842       0.96517017506
                1.52       0.91631489129       0.96823885012
                1.54       0.91900263101        0.9708715214
                1.56       0.92125974629       0.97315743869
                1.58       0.92243685723       0.97555214384
                 1.6       0.92302260103       0.97776568506
                1.62        0.9247685269       0.97989969437
                1.64       0.92643330351       0.98175628682
                1.66       0.92831177977       0.98347966848
                1.68       0.93069501675       0.98530408826
                 1.7       0.93245273831       0.98693630065
                1.72       0.93592613945        0.9882527541
                1.74       0.93786611341       0.98950213129
                1.76       0.94115101931       0.99080193293
                1.78         0.943459992       0.99208170835
                 1.8        0.9466364023       0.99342196182
                1.82       0.94945843593       0.99462130122
                1.84       0.95457414802        0.9958812619
                1.86       0.95702280314        0.9966106055
                1.88       0.96176019856       0.99740698041
                 1.9       0.96790290032        0.9980757145
                1.92        0.9739823199       0.99854786454
                1.94       0.97985195325       0.99892644678
                1.96       0.98657609147        0.9993345999
                1.98       0.99329366219       0.99968248962
