                0.02   -0.00094251771177
                0.04    -0.0018683421036
                0.06    -0.0027613823979
                0.08    -0.0036070577384
                 0.1    -0.0043931825244
                0.12    -0.0051103238824
                0.14    -0.0057514287536
                0.16      -0.00631099364
                0.18    -0.0067845107114
                 0.2    -0.0071678731528
                0.22    -0.0074578513488
                0.24    -0.0076525159885
                0.26    -0.0077516905305
                0.28    -0.0077568316315
                 0.3    -0.0076712532581
                0.32    -0.0075008544179
                0.34    -0.0072542292401
                0.36    -0.0069422450392
                0.38     -0.006576813634
                 0.4    -0.0061700499245
                0.42    -0.0057341445968
                0.44    -0.0052811852466
                0.46    -0.0048227324957
                0.48    -0.0043688875895
                 0.5    -0.0039270560266
                0.52    -0.0035012333448
                0.54    -0.0030930101495
                0.56    -0.0027031775393
                0.58    -0.0023327527859
                 0.6     -0.001983050278
                0.62    -0.0016552852682
                0.64    -0.0013504329337
                0.66    -0.0010693533335
                0.68   -0.00081323254888
                 0.7    -0.0005836613598
                0.72   -0.00038156501258
                0.74    -0.0002066824432
                0.76   -5.7623698862e-05
                0.78    6.7760799598e-05
                 0.8    0.00017231150322
                0.82    0.00025966423883
                0.84     0.0003338422901
                0.86    0.00039883115755
                0.88    0.00045798262574
                 0.9    0.00051361965084
                0.92    0.00056714329925
                0.94    0.00061936625275
                0.96    0.00067090042166
                0.98     0.0007224591144
                   1    0.00077518784147
                1.02    0.00083072404151
                1.04    0.00089100939934
                1.06    0.00095848775441
                1.08     0.0010360792137
                 1.1      0.001126457812
                1.12     0.0012314091371
                1.14     0.0013514111677
                1.16     0.0014856732183
                1.18     0.0016323261698
                 1.2     0.0017890552463
                1.22     0.0019531894707
                1.24     0.0021219632532
                1.26     0.0022927171022
                1.28     0.0024631615144
                 1.3     0.0026315411757
                1.32     0.0027964095585
                1.34     0.0029565374293
                1.36      0.003110722341
                1.38      0.003257871358
                 1.4     0.0033973530953
                1.42     0.0035290102964
                1.44     0.0036529274281
                1.46     0.0037692432958
                1.48     0.0038778918834
                 1.5     0.0039785075218
                1.52     0.0040706768255
                1.54     0.0041539338632
                1.56     0.0042276902951
                1.58     0.0042910333894
                 1.6     0.0043424134874
                1.62     0.0043796452165
                1.64     0.0043999929091
                1.66     0.0044003762757
                1.68     0.0043773459579
                 1.7      0.004327244581
                1.72     0.0042468439575
                1.74     0.0041338081073
                1.76     0.0039866469307
                1.78     0.0038046025666
                 1.8     0.0035877043248
                1.82     0.0033368145167
                1.84     0.0030535025377
                1.86     0.0027400163108
                1.88     0.0023994652145
                 1.9     0.0020354205392
                1.92     0.0016516667346
                1.94     0.0012522600276
                1.96    0.00084124866367
                1.98    0.00042255410329
