                   0                   0
      0.077053485858      0.051282051282
       0.16721944988      0.076923076923
       0.20843443343       0.27272727273
        0.2300933585                0.31
       0.43702336911       0.45161290323
       0.49640293521       0.46153846154
       0.56129109455                 0.5
       0.64970815635       0.56060606061
       0.78376772123             0.65625
       0.91915453143       0.66666666667
       0.92473262056       0.69642857143
        1.0407824018       0.71428571429
        1.1624150473                0.75
        1.1690989301                 0.9
        1.1958259773       0.92307692308
        1.3283964138       0.94736842105
        1.3764953326       0.94871794872
        1.6928293803       0.98360655738
        1.8082165143                   1
                   2                   1
