                0.02                0.13
                0.04               0.116
                0.06               0.105
                0.08               0.097
                 0.1               0.093
                0.12               0.086
                0.14               0.083
                0.16               0.077
                0.18               0.072
                 0.2               0.066
                0.22               0.063
                0.24               0.058
                0.26               0.055
                0.28               0.055
                 0.3               0.049
                0.32               0.048
                0.34               0.047
                0.36               0.048
                0.38               0.044
                 0.4               0.048
                0.42               0.045
                0.44               0.049
                0.46               0.046
                0.48               0.046
                 0.5               0.049
                0.52               0.049
                0.54               0.054
                0.56               0.056
                0.58                0.06
                 0.6                0.06
                0.62               0.058
                0.64               0.057
                0.66               0.058
                0.68               0.064
                 0.7               0.061
                0.72               0.062
                0.74               0.065
                0.76               0.065
                0.78               0.065
                 0.8               0.066
                0.82               0.069
                0.84               0.066
                0.86               0.068
                0.88               0.064
                 0.9               0.064
                0.92               0.063
                0.94               0.067
                0.96               0.067
                0.98               0.062
                   1               0.058
                1.02                0.06
                1.04               0.067
                1.06               0.064
                1.08               0.063
                 1.1               0.063
                1.12               0.064
                1.14               0.061
                1.16               0.064
                1.18               0.065
                 1.2               0.059
                1.22               0.055
                1.24               0.051
                1.26               0.051
                1.28               0.056
                 1.3               0.054
                1.32               0.051
                1.34               0.051
                1.36               0.051
                1.38               0.052
                 1.4               0.057
                1.42               0.056
                1.44               0.057
                1.46                0.06
                1.48               0.059
                 1.5               0.061
                1.52               0.054
                1.54               0.059
                1.56               0.059
                1.58               0.057
                 1.6               0.057
                1.62               0.055
                1.64               0.058
                1.66               0.051
                1.68               0.051
                 1.7               0.048
                1.72               0.047
                1.74                0.05
                1.76               0.049
                1.78               0.049
                 1.8               0.054
                1.82               0.054
                1.84               0.056
                1.86               0.057
                1.88                0.06
                 1.9               0.059
                1.92               0.057
                1.94               0.062
                1.96               0.062
                1.98               0.066
