                0.02       0.01923363971      0.030369642739
                0.04        0.0379836913      0.060064734061
                0.06      0.056432275868      0.089149416408
                0.08      0.074686842796        0.1178005937
                 0.1      0.092836215591        0.1455295879
                0.12       0.11079557814       0.17282722936
                0.14       0.12879097651       0.19926913976
                0.16       0.14675127403       0.22505473208
                0.18       0.16397341721       0.24909255435
                 0.2       0.18135176134       0.27219791963
                0.22       0.19828396643       0.29494808929
                0.24       0.21503824103       0.31729677798
                0.26       0.23202258037       0.33889215362
                0.28       0.24973099265       0.35980750735
                 0.3       0.26638725738       0.37789205446
                0.32       0.28396813798       0.39672139665
                0.34       0.30085309221       0.41600523906
                0.36       0.31715382086       0.43633751526
                0.38       0.33464487528       0.45548460795
                 0.4       0.35193667176       0.47290662145
                0.42       0.36809032948       0.48967019703
                0.44       0.38440343272       0.50634977834
                0.46       0.40078385019       0.52613784216
                0.48       0.41965903667       0.54552395523
                 0.5       0.43782884291       0.56275750422
                0.52        0.4546567927        0.5792332262
                0.54       0.47246968231       0.59693692033
                0.56       0.48835019933       0.61389054043
                0.58       0.50555456222       0.62933568852
                 0.6       0.52418433895       0.64354269112
                0.62       0.53886445624       0.65774183135
                0.64       0.55606275048       0.66950505179
                0.66       0.57014448401       0.68154679814
                0.68       0.58437957972        0.6929155391
                 0.7       0.59743067578       0.70235393904
                0.72       0.61005337012       0.71309422319
                0.74       0.61944484541       0.72177990976
                0.76       0.62889249545       0.72968488082
                0.78       0.63832349992       0.73744750737
                 0.8       0.64533148016       0.74370163214
                0.82       0.65098871765       0.75079694135
                0.84       0.65756923779       0.75503171701
                0.86       0.66279993738       0.76019627192
                0.88       0.66703380822       0.76483020779
                 0.9       0.67122254777       0.76864210714
                0.92       0.67473808231        0.7729801792
                0.94       0.67778990172       0.77617000621
                0.96       0.68208733577        0.7794770738
                0.98       0.68615554334       0.78250024292
                   1       0.69031184085       0.78437338186
                1.02       0.69435102668       0.78675555914
                1.04       0.69864201861       0.79014381158
                1.06       0.70307782042       0.79336704197
                1.08       0.70714381343        0.7960582408
                 1.1       0.71369958596       0.80017914362
                1.12       0.71793778153       0.80417110898
                1.14        0.7242332902       0.80894431904
                1.16       0.73120574899       0.81216780282
                1.18       0.73908615925       0.81792424678
                 1.2       0.74588103714       0.82358590183
                1.22       0.75323051111       0.83012491239
                1.24       0.76214107467       0.83648563769
                1.26       0.76988123687       0.84304005479
                1.28       0.77774410753       0.85000439127
                 1.3       0.78707726354       0.85677127594
                1.32       0.79467446489       0.86439152026
                1.34       0.80321362882       0.87219418506
                1.36       0.81238907028       0.87962036173
                1.38       0.82104753064       0.88748374602
                 1.4       0.83007397298       0.89524234031
                1.42       0.83769946897       0.90230408467
                1.44       0.84467096789       0.90920134885
                1.46       0.85339378627       0.91668729208
                1.48       0.86054515413       0.92384377527
                 1.5        0.8686293362       0.93011481455
                1.52       0.87645861014       0.93617702189
                1.54       0.88420808568        0.9420426714
                1.56       0.89078620393       0.94783389426
                1.58        0.8969775092       0.95294581283
                 1.6       0.90389185943       0.95723179073
                1.62       0.91022427985       0.96178683372
                1.64       0.91620999712       0.96594041744
                1.66       0.92125568931       0.96977552296
                1.68       0.92744394184       0.97335865555
                 1.7       0.93091066767       0.97661327895
                1.72       0.93592868948       0.97965239227
                1.74       0.94020005772       0.98267423876
                1.76       0.94545914707       0.98524840787
                1.78       0.94993380029       0.98747738845
                 1.8       0.95356498339       0.98966579283
                1.82       0.95759319227       0.99156013394
                1.84       0.96176414867       0.99318796479
                1.86       0.96551997221       0.99474154527
                1.88       0.96918976305       0.99609945566
                 1.9       0.97346205619        0.9971408349
                1.92       0.97885725818       0.99797057513
                1.94       0.98428948736       0.99869775548
                1.96       0.98965558666       0.99925406183
                1.98       0.99486763289       0.99967402559
