                0.02      0.012511311882      0.034521992166
                0.04      0.025638762607      0.067822113259
                0.06      0.039461938022      0.099089198266
                0.08      0.053807679596       0.12848597463
                 0.1      0.069348257128       0.15606935018
                0.12      0.086185766812       0.18356155375
                0.14       0.10482393855       0.20911256551
                0.16       0.12393350043       0.23623603219
                0.18       0.14631052576       0.26553880732
                 0.2       0.16894539048       0.29467145019
                0.22       0.19005523471       0.32067716149
                0.24       0.21442635896       0.34788840094
                0.26       0.23820946407       0.37602216369
                0.28       0.25883832193       0.40014445138
                 0.3       0.28086839215       0.42128689908
                0.32       0.30231262052       0.44123292969
                0.34       0.31864141569       0.45674287255
                0.36       0.33543270963       0.47336197357
                0.38       0.34953146805       0.48793932026
                 0.4        0.3621467722       0.50109504041
                0.42       0.37526139701       0.51424597115
                0.44       0.39063577884       0.52549373641
                0.46       0.40487795821       0.53746805473
                0.48       0.41738459771       0.54901620012
                 0.5       0.43425401625       0.56242809018
                0.52        0.4483880641       0.57640664697
                0.54       0.46215093624       0.59062307024
                0.56       0.47882866767       0.60550875141
                0.58        0.4970497411       0.61894418036
                 0.6       0.51257460926       0.63334582837
                0.62       0.52906512308       0.64990742265
                0.64       0.54322361982       0.66226672277
                0.66       0.55640822468       0.67792011313
                0.68       0.56917952026       0.69157481183
                 0.7       0.58163133338       0.70464899634
                0.72       0.59315043174       0.71527175462
                0.74       0.60337673732       0.72683298688
                0.76       0.61254323638       0.73927969632
                0.78       0.61967816292       0.74920750475
                 0.8        0.6283185854        0.7588259068
                0.82       0.63866148271       0.76623040305
                0.84         0.647306658       0.77367951159
                0.86       0.65549979232        0.7806869402
                0.88       0.66345037037        0.7868575489
                 0.9        0.6725020576       0.79218560343
                0.92       0.68158527989       0.79795971902
                0.94       0.69148303285       0.80324425288
                0.96       0.70111685688        0.8090833724
                0.98       0.70985348765        0.8136200551
                   1       0.71928224182       0.81943008027
                1.02       0.72857471048       0.82647495751
                1.04       0.73673457501       0.83219697472
                1.06       0.74484165875        0.8369269523
                1.08       0.75194129968       0.84225213114
                 1.1       0.75831946487       0.84754604432
                1.12       0.76260528523       0.85190937368
                1.14       0.76919779333        0.8568258559
                1.16        0.7713672655       0.86142213875
                1.18       0.77488029479       0.86526971849
                 1.2       0.77888515457       0.86917016217
                1.22       0.78206181095       0.87228687275
                1.24       0.78553909177       0.87490156661
                1.26       0.78711840501       0.87727608346
                1.28       0.79067040784        0.8798832277
                 1.3       0.79507797713       0.88275377294
                1.32       0.79959062597       0.88539826634
                1.34       0.80320710439       0.88790885586
                1.36       0.80849549738       0.89096522193
                1.38       0.81128868794       0.89390918983
                 1.4       0.81735103021       0.89719310776
                1.42       0.82316605305       0.90122135982
                1.44       0.82957528805       0.90564857383
                1.46       0.83694933488       0.91027112187
                1.48       0.84399752565       0.91492249159
                 1.5       0.85071282288       0.92043690021
                1.52       0.85795304616       0.92548563758
                1.54       0.86391353924       0.93018119776
                1.56       0.87146759425       0.93440594051
                1.58       0.87836832087       0.93888840107
                 1.6       0.88483149924       0.94431210863
                1.62       0.89197496652       0.94908692726
                1.64       0.89890259481       0.95405059684
                1.66       0.90517470561       0.95849899421
                1.68        0.9112152421       0.96235440564
                 1.7       0.91705465984       0.96625917335
                1.72       0.92266042545       0.97002666614
                1.74       0.92800228005       0.97373044311
                1.76       0.93375580565       0.97696065849
                1.78       0.93886500089       0.98031722257
                 1.8       0.94472876967       0.98340829292
                1.82       0.94968795951       0.98599696918
                1.84       0.95547787295       0.98857285492
                1.86       0.96168852744        0.9903391059
                1.88       0.96706441222        0.9920551533
                 1.9       0.97260509775       0.99374735972
                1.92       0.97812073269       0.99525289653
                1.94       0.98342901232       0.99660353165
                1.96       0.98888267389       0.99780125443
                1.98       0.99443683471       0.99891159321
