                   0                   0
      0.084788764866      0.066666666667
       0.12340510084       0.14285714286
       0.14764813527        0.2380952381
       0.18920754836       0.23943661972
       0.30810901537                0.45
       0.37215720973       0.45238095238
       0.45489029701        0.4880952381
       0.60228975983       0.58333333333
       0.65337791417       0.70769230769
       0.95487459607                0.75
       0.96294608105       0.77142857143
        1.0290031941       0.81818181818
        1.0750541701               0.825
        1.1413476538       0.83974358974
        1.4494084704       0.84615384615
        1.4680490333       0.90909090909
        1.4891139276       0.91304347826
        1.6518200178       0.97810218978
        1.9435382616                   1
                   2                   1
