                   0                   0
      0.038367251883      0.090909090909
      0.050336982147       0.12121212121
       0.12436637102       0.21153846154
        0.2424798432                0.25
       0.27598052857       0.31428571429
        0.3560903251       0.33333333333
       0.40571886041       0.42857142857
       0.42628984639       0.47826086957
       0.50457311631       0.52631578947
       0.61255344963       0.68115942029
       0.73753512778       0.72522522523
        1.1836688068                0.75
        1.1851273771               0.775
        1.2660377097                 0.8
        1.2863044763       0.86666666667
        1.3067531359       0.88235294118
        1.5447663346        0.9512195122
        1.6466194287                0.96
        1.6895213368       0.98275862069
         1.898041144                   1
                   2                   1
