                0.02               0.055
                0.04               0.057
                0.06               0.056
                0.08               0.062
                 0.1               0.064
                0.12               0.064
                0.14               0.061
                0.16               0.059
                0.18               0.052
                 0.2               0.056
                0.22               0.061
                0.24                0.06
                0.26               0.056
                0.28               0.062
                 0.3               0.065
                0.32               0.064
                0.34               0.066
                0.36                0.07
                0.38               0.061
                 0.4               0.064
                0.42               0.067
                0.44               0.063
                0.46               0.059
                0.48               0.058
                 0.5               0.061
                0.52               0.057
                0.54               0.059
                0.56               0.058
                0.58               0.059
                 0.6               0.057
                0.62               0.056
                0.64               0.061
                0.66                0.06
                0.68               0.059
                 0.7               0.063
                0.72               0.061
                0.74               0.062
                0.76               0.057
                0.78               0.057
                 0.8               0.052
                0.82               0.057
                0.84                0.06
                0.86                0.06
                0.88               0.057
                 0.9               0.059
                0.92               0.058
                0.94               0.057
                0.96               0.055
                0.98               0.056
                   1               0.053
                1.02               0.052
                1.04               0.054
                1.06               0.057
                1.08               0.063
                 1.1                0.06
                1.12               0.056
                1.14               0.062
                1.16               0.063
                1.18               0.066
                 1.2               0.063
                1.22               0.064
                1.24               0.066
                1.26               0.062
                1.28               0.063
                 1.3               0.064
                1.32               0.061
                1.34               0.055
                1.36               0.059
                1.38               0.055
                 1.4               0.052
                1.42               0.052
                1.44               0.051
                1.46               0.051
                1.48               0.056
                 1.5               0.057
                1.52               0.054
                1.54               0.056
                1.56               0.054
                1.58                0.05
                 1.6               0.044
                1.62               0.044
                1.64               0.047
                1.66               0.046
                1.68               0.046
                 1.7               0.046
                1.72               0.046
                1.74               0.046
                1.76               0.047
                1.78               0.049
                 1.8               0.047
                1.82               0.052
                1.84               0.054
                1.86               0.056
                1.88               0.056
                 1.9               0.059
                1.92               0.061
                1.94               0.061
                1.96               0.061
                1.98               0.061
