                0.02               0.066
                0.04               0.065
                0.06               0.063
                0.08               0.063
                 0.1               0.065
                0.12               0.066
                0.14               0.067
                0.16               0.063
                0.18               0.064
                 0.2               0.065
                0.22               0.063
                0.24               0.063
                0.26               0.058
                0.28               0.058
                 0.3               0.058
                0.32               0.062
                0.34               0.055
                0.36               0.053
                0.38               0.049
                 0.4               0.047
                0.42                0.05
                0.44               0.049
                0.46                0.05
                0.48               0.052
                 0.5               0.051
                0.52               0.058
                0.54               0.054
                0.56               0.054
                0.58               0.058
                 0.6               0.055
                0.62               0.057
                0.64               0.056
                0.66               0.056
                0.68               0.052
                 0.7               0.056
                0.72               0.058
                0.74               0.056
                0.76               0.053
                0.78               0.056
                 0.8               0.058
                0.82               0.059
                0.84               0.058
                0.86               0.063
                0.88               0.062
                 0.9                0.06
                0.92               0.058
                0.94               0.057
                0.96               0.052
                0.98               0.055
                   1               0.055
                1.02               0.053
                1.04               0.057
                1.06               0.058
                1.08               0.059
                 1.1               0.058
                1.12               0.053
                1.14               0.057
                1.16               0.058
                1.18               0.063
                 1.2               0.055
                1.22               0.055
                1.24               0.057
                1.26               0.058
                1.28               0.058
                 1.3               0.057
                1.32               0.057
                1.34               0.057
                1.36                0.05
                1.38               0.051
                 1.4               0.047
                1.42               0.049
                1.44               0.049
                1.46               0.045
                1.48               0.045
                 1.5               0.045
                1.52               0.042
                1.54               0.043
                1.56               0.045
                1.58               0.049
                 1.6               0.044
                1.62               0.046
                1.64               0.048
                1.66               0.048
                1.68               0.053
                 1.7               0.052
                1.72               0.053
                1.74               0.054
                1.76               0.052
                1.78               0.054
                 1.8               0.048
                1.82               0.047
                1.84               0.049
                1.86               0.048
                1.88               0.045
                 1.9               0.043
                1.92               0.044
                1.94               0.042
                1.96               0.039
                1.98                0.04
