               0.002     0.0018554998508
               0.004     0.0037139144289
               0.006     0.0055754208933
               0.008     0.0074401838294
                0.01     0.0093083552119
               0.012      0.011180074388
               0.014      0.013055468079
               0.016      0.014934650395
               0.018      0.016817722871
                0.02      0.018704774513
               0.022      0.020595881856
               0.024      0.022491109036
               0.026      0.024390507872
               0.028      0.026294117953
                0.03      0.028201966741
               0.032      0.030114069673
               0.034      0.032030430275
               0.036      0.033951040276
               0.038      0.035875879732
                0.04      0.037804917146
               0.042      0.039738109601
               0.044      0.041675402883
               0.046      0.043616731615
               0.048      0.045562019387
                0.05      0.047511178883
               0.052      0.049464112711
               0.054      0.051420732761
               0.056      0.053380994307
               0.058       0.05534489909
                0.06      0.057312491216
               0.062      0.059283853217
               0.064      0.061259102271
               0.066      0.063238386592
               0.068      0.065221881968
                0.07       0.06720978845
               0.072      0.069202327187
               0.074      0.071199737437
               0.076      0.073202273755
               0.078      0.075210203268
                0.08      0.077223803034
               0.082      0.079243357532
               0.084      0.081269156264
               0.086      0.083301491471
               0.088      0.085340655954
                0.09      0.087386941002
               0.092      0.089440634414
               0.094      0.091502018628
               0.096      0.093571368929
               0.098      0.095648951757
                 0.1      0.097735023095
               0.102      0.099829826941
               0.104       0.10193359386
               0.106       0.10404653959
               0.108        0.1061688638
                0.11       0.10830074884
               0.112       0.11044235901
               0.114       0.11259383959
               0.116       0.11475531576
               0.118       0.11692689161
                0.12       0.11910864931
               0.122       0.12130065151
               0.124       0.12350294568
               0.126       0.12571556438
               0.128       0.12793852461
                0.13       0.13017182737
               0.132       0.13241545714
               0.134       0.13466938146
               0.136       0.13693355054
               0.138       0.13920789686
                0.14       0.14149233491
               0.142       0.14378676084
               0.144       0.14609105224
               0.146       0.14840506788
               0.148       0.15072864775
                0.15       0.15306161591
               0.152       0.15540378393
               0.154       0.15775495128
               0.156       0.16011490537
               0.158       0.16248342161
                0.16        0.1648602635
               0.162       0.16724518269
               0.164       0.16963791912
               0.166       0.17203820111
               0.168       0.17444574555
                0.17       0.17686025798
               0.172       0.17928143283
               0.174       0.18170895352
               0.176       0.18414249267
               0.178       0.18658171231
                0.18       0.18902626405
               0.182       0.19147578932
               0.184        0.1939299213
               0.186       0.19638828996
               0.188       0.19885052338
                0.19       0.20131624751
               0.192       0.20378508597
               0.194       0.20625666198
               0.196       0.20873060121
               0.198       0.21120653209
                 0.2       0.21368408572
               0.202       0.21616289578
               0.204       0.21864259849
               0.206       0.22112283258
               0.208       0.22360323921
                0.21       0.22608346202
               0.212       0.22856314709
               0.214       0.23104194292
               0.216       0.23351950054
               0.218       0.23599547344
                0.22       0.23846951764
               0.222       0.24094129178
               0.224       0.24341045711
               0.226       0.24587667756
               0.228       0.24833961983
                0.23       0.25079895346
               0.232       0.25325435086
               0.234       0.25570548744
               0.236       0.25815204167
               0.238       0.26059369514
                0.24        0.2630301327
               0.242       0.26546104251
               0.244       0.26788611613
               0.246       0.27030504864
               0.248        0.2727175387
                0.25       0.27512328866
               0.252       0.27752200466
               0.254       0.27991339667
               0.256       0.28229717865
               0.258        0.2846730686
                0.26       0.28704078865
               0.262       0.28940006514
               0.264       0.29175062872
               0.266       0.29409221441
               0.268       0.29642456168
                0.27       0.29874741455
               0.272       0.30106052162
               0.274       0.30336363617
               0.276        0.3056565162
               0.278        0.3079389245
                0.28       0.31021062872
               0.282       0.31247140137
               0.284       0.31472101994
               0.286       0.31695926687
               0.288       0.31918592964
                0.29       0.32140080076
               0.292       0.32360367785
               0.294       0.32579436359
               0.296       0.32797266581
               0.298       0.33013839744
                 0.3       0.33229137656
               0.302       0.33443142638
               0.304       0.33655837524
               0.306       0.33867205658
               0.308       0.34077230897
                0.31       0.34285897604
               0.312       0.34493190648
               0.314       0.34699095484
               0.316       0.34903598987
               0.318       0.35106690149
                0.32        0.3530836003
               0.322        0.3550860165
               0.324       0.35707409881
               0.326       0.35904781339
               0.328       0.36100714288
                0.33        0.3629520854
               0.332        0.3648826536
               0.334       0.36679887373
               0.336       0.36870078473
               0.338       0.37058843741
                0.34       0.37246189353
               0.342       0.37432122505
               0.344       0.37616651329
               0.346       0.37799784818
               0.348       0.37981532746
                0.35       0.38161905602
               0.352       0.38340914514
               0.354       0.38518571179
               0.356       0.38694887802
               0.358       0.38869877023
                0.36       0.39043552148
               0.362       0.39215928298
               0.364       0.39387022838
               0.366         0.395568552
               0.368       0.39725446708
                0.37       0.39892820403
               0.372       0.40059000872
               0.374       0.40224014089
               0.376       0.40387887253
               0.378        0.4055064864
                0.38       0.40712327454
               0.382       0.40872953685
               0.384       0.41032557973
               0.386       0.41191171484
               0.388       0.41348825947
                0.39       0.41505553744
               0.392       0.41661387823
               0.394       0.41816361592
               0.396       0.41970508813
               0.398       0.42123863505
                 0.4       0.42276459846
               0.402        0.4242833208
               0.404       0.42579514427
               0.406       0.42730040998
               0.408       0.42879945714
                0.41       0.43029262224
               0.412       0.43178023828
               0.414       0.43326263406
               0.416       0.43474013346
               0.418       0.43621305475
                0.42       0.43768170994
               0.422       0.43914640418
               0.424       0.44060743512
               0.426       0.44206509235
               0.428       0.44351965684
                0.43       0.44497140047
               0.432       0.44642058707
               0.434       0.44786747435
               0.436       0.44931231381
               0.438       0.45075535044
                0.44       0.45219682232
               0.442       0.45363696027
               0.444       0.45507598757
               0.446       0.45651411961
               0.448        0.4579515636
                0.45       0.45938851832
               0.452       0.46082517383
               0.454       0.46226171122
               0.456       0.46369830239
               0.458       0.46513510997
                0.46       0.46657228934
               0.462       0.46800999101
               0.464       0.46944836081
               0.466       0.47088753977
               0.468       0.47232766405
                0.47       0.47376886488
               0.472       0.47521126849
               0.474       0.47665499602
               0.476       0.47810016352
               0.478       0.47954688187
                0.48       0.48099525677
               0.482       0.48244538868
               0.484       0.48389737284
               0.486       0.48535129919
               0.488       0.48680725243
                0.49       0.48826531196
               0.492       0.48972555187
               0.494       0.49118804099
               0.496       0.49265284285
               0.498       0.49412001571
                 0.5       0.49558961258
               0.502       0.49706168119
               0.504       0.49853626406
               0.506        0.5000133985
               0.508       0.50149311669
                0.51       0.50297544568
               0.512       0.50446040748
               0.514       0.50594801906
               0.516       0.50743829239
               0.518       0.50893123446
                0.52       0.51042684733
               0.522       0.51192512815
               0.524       0.51342606921
               0.526       0.51492965797
               0.528        0.5164358771
                0.53        0.5179447045
               0.532       0.51945611337
               0.534       0.52097007221
               0.536       0.52248654489
               0.538       0.52400549066
                0.54       0.52552686422
               0.542       0.52705061572
               0.544        0.5285766908
               0.546       0.53010503066
               0.548       0.53163557206
                0.55       0.53316824736
               0.552       0.53470298454
               0.554       0.53623970728
               0.556       0.53777833492
               0.558       0.53931878255
                0.56       0.54086096099
               0.562       0.54240477685
               0.564       0.54395013253
               0.566       0.54549692626
               0.568       0.54704505212
                0.57       0.54859440003
               0.572       0.55014485582
               0.574       0.55169630118
               0.576       0.55324861376
               0.578       0.55480166708
                0.58       0.55635533064
               0.582       0.55790946984
               0.584       0.55946394606
               0.586       0.56101861662
               0.588       0.56257333479
                0.59       0.56412794979
               0.592       0.56568230682
               0.594         0.567236247
               0.596       0.56878960741
               0.598       0.57034222106
                 0.6       0.57189391688
               0.602       0.57344451972
               0.604       0.57499385032
               0.606       0.57654172531
               0.608       0.57808795719
                0.61       0.57963235427
               0.612       0.58117472071
               0.614       0.58271485645
               0.616        0.5842525572
               0.618        0.5857876144
                0.62       0.58731981518
               0.622       0.58884894238
               0.624       0.59037477443
               0.626       0.59189708538
               0.628        0.5934156456
                0.63       0.59493022451
               0.632        0.5964405914
               0.634       0.59794651525
               0.636       0.59944776526
               0.638       0.60094411179
                0.64       0.60243532614
               0.642       0.60392118081
               0.644       0.60540145381
               0.646       0.60687593146
               0.648        0.6083444083
                0.65       0.60980668688
               0.652       0.61126257754
               0.654       0.61271189817
               0.656       0.61415447404
               0.658       0.61559013755
                0.66        0.6170187281
               0.662       0.61844009182
               0.664       0.61985408147
               0.666       0.62126055619
               0.668        0.6226593814
                0.67       0.62405042857
               0.672       0.62543357509
               0.674       0.62680870411
               0.676       0.62817570441
               0.678        0.6295344702
                0.68       0.63088490104
               0.682       0.63222690165
               0.684       0.63356038182
               0.686       0.63488525624
               0.688       0.63620144441
                0.69       0.63750887049
               0.692       0.63880746322
               0.694        0.6400971567
               0.696       0.64137789302
               0.698       0.64264962295
                 0.7       0.64391230555
               0.702       0.64516590787
               0.704       0.64641040457
               0.706       0.64764577764
               0.708       0.64887201603
                0.71       0.65008911542
               0.712       0.65129707786
               0.714       0.65249591152
               0.716       0.65368563043
               0.718       0.65486625424
                0.72         0.656037808
               0.722       0.65720032189
               0.724         0.658353831
               0.726       0.65949837507
               0.728       0.66063399827
                0.73       0.66176074898
               0.732       0.66287867956
               0.734       0.66398784621
               0.736       0.66508830903
               0.738        0.6661801321
                0.74       0.66726338329
               0.742       0.66833813406
               0.744       0.66940445919
               0.746       0.67046243665
               0.748       0.67151214734
                0.75       0.67255367492
               0.752       0.67358710565
               0.754       0.67461252815
               0.756       0.67563003328
               0.758       0.67663971393
                0.76        0.6776416649
               0.762       0.67863598269
               0.764       0.67962276536
               0.766        0.6806021124
               0.768       0.68157412456
                0.77       0.68253890372
               0.772       0.68349655275
               0.774       0.68444717537
               0.776       0.68539087602
               0.778       0.68632775975
                0.78       0.68725793207
               0.782       0.68818149886
               0.784       0.68909856622
               0.786       0.69000924039
               0.788       0.69091362763
                0.79        0.6918118341
               0.792       0.69270396579
               0.794       0.69359012868
               0.796       0.69447042945
               0.798       0.69534497548
                 0.8       0.69621387472
               0.802       0.69707723553
               0.804       0.69793516652
               0.806       0.69878777643
               0.808       0.69963517397
                0.81       0.70047746778
               0.812       0.70131476698
               0.814        0.7021471814
               0.816       0.70297482149
               0.818       0.70379779818
                0.82       0.70461622284
               0.822       0.70543020714
               0.824       0.70623986294
               0.826       0.70704530223
               0.828       0.70784663702
                0.83       0.70864397926
               0.832       0.70943744072
               0.834       0.71022713295
               0.836       0.71101316719
               0.838       0.71179565426
                0.84       0.71257470449
               0.842       0.71335042769
               0.844       0.71412293301
               0.846       0.71489232893
               0.848       0.71565872312
                0.85       0.71642222245
               0.852       0.71718293286
               0.854       0.71794095932
               0.856       0.71869640579
               0.858       0.71944937511
                0.86       0.72019996896
               0.862       0.72094828782
               0.864       0.72169443089
               0.866       0.72243849603
               0.868       0.72318057973
                0.87       0.72392077703
               0.872       0.72465918147
               0.874       0.72539588505
               0.876       0.72613097817
               0.878       0.72686454957
                0.88       0.72759668631
               0.882       0.72832747368
               0.884       0.72905699519
               0.886       0.72978533251
               0.888       0.73051256539
                0.89       0.73123877168
               0.892       0.73196402722
               0.894       0.73268840583
               0.896       0.73341197928
               0.898       0.73413481719
                 0.9       0.73485698704
               0.902        0.7355785541
               0.904       0.73629958141
               0.906       0.73702012971
               0.908       0.73774025741
                0.91       0.73846002056
               0.912       0.73917947279
               0.914       0.73989866528
               0.916       0.74061764671
               0.918       0.74133646325
                0.92       0.74205515847
               0.922       0.74277377333
               0.924       0.74349234615
               0.926       0.74421091255
               0.928       0.74492950541
                0.93       0.74564815484
               0.932       0.74636688814
               0.934       0.74708572976
               0.936       0.74780470125
               0.938       0.74852382123
                0.94       0.74924310538
               0.942       0.74996256631
               0.944       0.75068221365
               0.946       0.75140205388
               0.948        0.7521220904
                0.95       0.75284232342
               0.952       0.75356274994
               0.954       0.75428336374
               0.956       0.75500415528
               0.958       0.75572511172
                0.96       0.75644621684
               0.962       0.75716745104
               0.964       0.75788879124
               0.966       0.75861021091
               0.968       0.75933167997
                0.97       0.76005316479
               0.972       0.76077462812
               0.974       0.76149602909
               0.976       0.76221732312
               0.978       0.76293846199
                0.98       0.76365939489
               0.982       0.76438006948
               0.984       0.76510043207
               0.986       0.76582042756
               0.988       0.76653999944
                0.99       0.76725908982
               0.992       0.76797763936
               0.994       0.76869558733
               0.996       0.76941287154
               0.998       0.77012942838
                   1       0.77084519276
               1.002       0.77156009816
               1.004       0.77227407656
               1.006       0.77298705848
               1.008       0.77369897292
                1.01       0.77440974739
               1.012       0.77511930787
               1.014       0.77582757882
               1.016       0.77653448315
               1.018        0.7772399422
                1.02       0.77794387575
               1.022       0.77864620199
               1.024        0.7793468375
               1.026       0.78004569726
               1.028       0.78074269461
                1.03       0.78143774123
               1.032       0.78213074714
               1.034       0.78282162069
               1.036       0.78351026856
               1.038        0.7841965967
                1.04       0.78488051197
               1.042       0.78556192244
               1.044       0.78624073741
               1.046       0.78691686744
               1.048       0.78759022438
                1.05       0.78826072135
               1.052       0.78892827282
               1.054       0.78959279458
               1.056       0.79025420376
               1.058       0.79091241888
                1.06       0.79156735984
               1.062       0.79221894795
               1.064       0.79286710593
               1.066       0.79351175795
               1.068       0.79415282974
                1.07       0.79479024883
               1.072       0.79542394461
               1.074       0.79605384827
               1.076       0.79667989285
               1.078       0.79730201318
                1.08       0.79792014592
               1.082       0.79853422954
               1.084       0.79914420498
               1.086       0.79975001782
               1.088       0.80035161897
                1.09       0.80094896442
               1.092       0.80154201517
               1.094       0.80213073697
               1.096       0.80271510021
               1.098       0.80329507974
                 1.1       0.80387065471
               1.102       0.80444180844
               1.104       0.80500852838
               1.106       0.80557080604
               1.108       0.80612863688
                1.11        0.8066820201
               1.112       0.80723095856
               1.114        0.8077754586
               1.116       0.80831552992
               1.118       0.80885118545
                1.12       0.80938244118
               1.122       0.80990931611
               1.124       0.81043183204
               1.126       0.81095001353
               1.128       0.81146388772
                1.13       0.81197348426
               1.132       0.81247883519
               1.134        0.8129799748
               1.136       0.81347693958
               1.138       0.81396976808
                1.14       0.81445850082
               1.142        0.8149431802
               1.144        0.8154238504
               1.146       0.81590055731
               1.148        0.8163733484
                1.15       0.81684227267
               1.152       0.81730738056
               1.154       0.81776872387
               1.156       0.81822635565
               1.158       0.81868033018
                1.16       0.81913070285
               1.162        0.8195775301
               1.164       0.82002086937
               1.166       0.82046077899
               1.168       0.82089731815
                1.17       0.82133054684
               1.172       0.82176052575
               1.174       0.82218731624
               1.176       0.82261098026
               1.178       0.82303158033
                1.18       0.82344917944
               1.182       0.82386384102
               1.184       0.82427562888
               1.186       0.82468460716
               1.188        0.8250908403
                1.19       0.82549439295
               1.192       0.82589532997
               1.194       0.82629371635
               1.196       0.82668961718
               1.198       0.82708309761
                 1.2        0.8274742228
               1.202        0.8278630579
               1.204       0.82824966798
               1.206       0.82863411802
               1.208       0.82901647286
                1.21       0.82939679715
               1.212       0.82977515536
               1.214        0.8301516117
               1.216       0.83052623011
               1.218       0.83089907422
                1.22       0.83127020735
               1.222       0.83163969242
               1.224       0.83200759198
               1.226       0.83237396814
               1.228       0.83273888257
                1.23       0.83310239647
               1.232       0.83346457053
               1.234       0.83382546492
               1.236       0.83418513926
               1.238        0.8345436526
                1.24       0.83490106337
               1.242       0.83525742942
               1.244       0.83561280793
               1.246        0.8359672555
               1.248       0.83632082925
                1.25        0.8366735884
               1.252       0.83702559439
               1.254       0.83737691071
               1.256       0.83772760274
               1.258       0.83807773762
                1.26        0.8384273841
               1.262       0.83877661241
               1.264        0.8391254941
               1.266       0.83947410196
               1.268       0.83982250981
                1.27       0.84017079246
               1.272       0.84051902555
               1.274       0.84086728541
               1.276       0.84121564899
               1.278       0.84156419373
                1.28       0.84191299744
               1.282       0.84226213822
               1.284       0.84261169434
               1.286       0.84296174412
               1.288        0.8433123659
                1.29       0.84366363788
               1.292       0.84401563805
               1.294       0.84436844412
               1.296       0.84472213341
               1.298       0.84507678279
                 1.3       0.84543246857
               1.302       0.84578926646
               1.304       0.84614725144
               1.306       0.84650649775
               1.308       0.84686707878
                1.31         0.847229067
               1.312       0.84759253391
               1.314       0.84795754996
               1.316       0.84832418451
               1.318       0.84869250573
                1.32       0.84906258058
               1.322       0.84943447474
               1.324       0.84980825255
               1.326       0.85018397694
               1.328       0.85056170944
                1.33       0.85094151003
               1.332       0.85132343721
               1.334       0.85170754784
               1.336       0.85209389718
               1.338       0.85248253882
                1.34        0.8528735246
               1.342       0.85326690462
               1.344       0.85366272719
               1.346       0.85406103877
               1.348       0.85446188397
                1.35       0.85486530546
               1.352       0.85527134401
               1.354       0.85568003838
               1.356       0.85609142535
               1.358       0.85650553965
                1.36       0.85692241397
               1.362       0.85734207888
               1.364       0.85776456286
               1.366       0.85818989221
               1.368       0.85861809111
                1.37       0.85904918151
               1.372       0.85948318315
               1.374       0.85992011356
               1.376       0.86035998797
               1.378       0.86080281938
                1.38       0.86124861844
               1.382       0.86169739363
               1.384       0.86214915152
               1.386         0.862603897
               1.388       0.86306163324
                1.39       0.86352236171
               1.392       0.86398608227
               1.394       0.86445279333
               1.396       0.86492249191
               1.398       0.86539517362
                 1.4       0.86587083268
               1.402       0.86634946189
               1.404       0.86683105265
               1.406       0.86731559498
               1.408       0.86780307746
                1.41       0.86829348733
               1.412       0.86878681038
               1.414       0.86928303104
               1.416       0.86978213237
               1.418         0.870284096
                1.42       0.87078890223
               1.422       0.87129652995
               1.424        0.8718069567
               1.426       0.87232015866
               1.428       0.87283611064
                1.43       0.87335478611
               1.432       0.87387615718
               1.434       0.87440019463
               1.436       0.87492686791
               1.438       0.87545614514
                1.44       0.87598799313
               1.442       0.87652237735
               1.444       0.87705926201
               1.446          0.87759861
               1.448        0.8781403829
                1.45       0.87868454105
               1.452        0.8792310435
               1.454       0.87977984803
               1.456       0.88033091116
               1.458       0.88088418819
                1.46       0.88143963315
               1.462       0.88199719886
               1.464        0.8825568369
               1.466       0.88311849767
               1.468       0.88368213068
                1.47       0.88424768485
               1.472       0.88481510858
               1.474       0.88538434974
               1.476       0.88595535573
               1.478       0.88652807345
                1.48       0.88710244934
               1.482       0.88767842939
               1.484       0.88825595917
               1.486       0.88883498384
               1.488       0.88941544815
                1.49       0.88999729648
               1.492       0.89058047284
               1.494       0.89116492089
               1.496       0.89175058397
               1.498       0.89233740509
                 1.5       0.89292532697
               1.502       0.89351429205
               1.504       0.89410424249
               1.506       0.89469512027
               1.508       0.89528686767
                1.51       0.89587942744
               1.512       0.89647274288
               1.514       0.89706675774
               1.516       0.89766141629
               1.518       0.89825666323
                1.52       0.89885244375
               1.522       0.89944870355
               1.524       0.90004538882
               1.526       0.90064244627
               1.528        0.9012398231
                1.53       0.90183746698
               1.532       0.90243532604
               1.534       0.90303334887
               1.536       0.90363148452
               1.538       0.90422968247
                1.54       0.90482789264
               1.542       0.90542606535
               1.544       0.90602415136
               1.546       0.90662210184
               1.548       0.90721986832
                1.55       0.90781740278
               1.552       0.90841465755
               1.554       0.90901158535
               1.556       0.90960813929
               1.558       0.91020427283
                1.56       0.91079993981
               1.562       0.91139509442
               1.564       0.91198969122
               1.566       0.91258368511
               1.568       0.91317703134
                1.57       0.91376968551
               1.572       0.91436160355
               1.574       0.91495274174
               1.576       0.91554305668
               1.578        0.9161325053
                1.58       0.91672104487
               1.582       0.91730863298
               1.584       0.91789522753
               1.586       0.91848078676
               1.588        0.9190652692
                1.59       0.91964863372
               1.592       0.92023083949
               1.594       0.92081184601
               1.596       0.92139161312
               1.598       0.92197010114
                 1.6       0.92254727087
               1.602        0.9231230836
               1.604       0.92369750111
               1.606       0.92427048569
               1.608       0.92484200051
                1.61       0.92541200988
               1.612       0.92598047924
               1.614       0.92654737513
               1.616        0.9271126652
               1.618       0.92767631812
                1.62       0.92823830363
               1.622       0.92879859246
               1.624       0.92935715632
               1.626       0.92991396791
               1.628       0.93046900085
                1.63        0.9310222297
               1.632       0.93157362989
               1.634       0.93212317778
               1.636       0.93267085055
               1.638       0.93321662623
                1.64       0.93376048369
               1.642       0.93430240261
               1.644       0.93484236342
               1.646       0.93538034735
               1.648        0.9359163364
                1.65       0.93645031327
               1.652       0.93698226141
               1.654       0.93751216496
               1.656       0.93804000877
               1.658       0.93856577834
                1.66       0.93908945986
               1.662       0.93961104016
               1.664       0.94013050669
               1.666       0.94064784755
               1.668       0.94116305142
                1.67        0.9416761076
               1.672       0.94218700595
               1.674       0.94269573693
               1.676       0.94320229154
               1.678       0.94370666134
                1.68       0.94420883842
               1.682       0.94470881539
               1.684        0.9452065854
               1.686       0.94570214209
               1.688       0.94619547959
                1.69       0.94668659253
               1.692       0.94717547601
               1.694        0.9476621256
               1.696       0.94814653732
               1.698       0.94862870764
                 1.7       0.94910863348
               1.702       0.94958631218
               1.704       0.95006174151
               1.706       0.95053491965
               1.708       0.95100584518
                1.71       0.95147451709
               1.712       0.95194093475
               1.714       0.95240509793
               1.716       0.95286700676
               1.718       0.95332666173
                1.72       0.95378406371
               1.722       0.95423921391
               1.724        0.9546921139
               1.726       0.95514276557
               1.728       0.95559117115
                1.73       0.95603733322
               1.732       0.95648125464
               1.734        0.9569229386
               1.736       0.95736238861
               1.738       0.95779960847
                1.74       0.95823460225
               1.742       0.95866737436
               1.744       0.95909792944
               1.746       0.95952627244
               1.748       0.95995240856
                1.75       0.96037634328
               1.752       0.96079808232
               1.754       0.96121763167
               1.756       0.96163499756
               1.758       0.96205018645
                1.76       0.96246320506
               1.762       0.96287406032
               1.764       0.96328275939
               1.766       0.96368930965
               1.768       0.96409371868
                1.77        0.9644959943
               1.772        0.9648961445
               1.774       0.96529417748
               1.776       0.96569010164
               1.778       0.96608392555
                1.78       0.96647565797
               1.782       0.96686530784
               1.784       0.96725288426
               1.786        0.9676383965
               1.788       0.96802185399
                1.79       0.96840326632
               1.792       0.96878264322
               1.794       0.96915999456
               1.796       0.96953533037
               1.798       0.96990866079
                 1.8        0.9702799961
               1.802        0.9706493467
               1.804        0.9710167231
               1.806       0.97138213594
               1.808       0.97174559594
                1.81       0.97210711396
               1.812       0.97246670091
               1.814       0.97282436783
               1.816       0.97318012581
               1.818       0.97353398606
                1.82       0.97388595982
               1.822       0.97423605843
               1.824       0.97458429329
               1.826       0.97493067583
               1.828       0.97527521758
                1.83       0.97561793006
               1.832       0.97595882489
               1.834       0.97629791367
               1.836       0.97663520807
               1.838       0.97697071976
                1.84       0.97730446044
               1.842       0.97763644182
               1.844       0.97796667561
               1.846       0.97829517353
               1.848       0.97862194729
                1.85       0.97894700859
               1.852       0.97927036912
               1.854       0.97959204052
               1.856       0.97991203444
               1.858       0.98023036246
                1.86       0.98054703615
               1.862         0.980862067
               1.864       0.98117546649
               1.866       0.98148724631
               1.868       0.98179741934
                1.87       0.98210599987
               1.872       0.98241300355
               1.874       0.98271844732
               1.876       0.98302234936
               1.878       0.98332472902
                1.88       0.98362560677
               1.882       0.98392500413
               1.884       0.98422294361
               1.886       0.98451944868
               1.888       0.98481454367
                1.89       0.98510825378
               1.892       0.98540060497
               1.894       0.98569162393
               1.896       0.98598133802
               1.898       0.98626977525
                 1.9       0.98655696419
               1.902       0.98684293397
               1.904       0.98712771416
               1.906       0.98741133481
               1.908       0.98769382634
                1.91       0.98797521955
               1.912       0.98825554551
               1.914       0.98853483557
               1.916       0.98881312132
               1.918       0.98909043451
                1.92       0.98936680704
               1.922       0.98964227091
               1.924        0.9899168582
               1.926       0.99019060101
               1.928       0.99046353142
                1.93       0.99073568148
               1.932       0.99100708315
               1.934       0.99127776829
               1.936       0.99154776859
               1.938       0.99181711559
                1.94       0.99208584058
               1.942       0.99235397463
               1.944       0.99262154853
               1.946       0.99288859276
               1.948       0.99315513746
                1.95       0.99342121248
               1.952        0.9936868473
               1.954       0.99395207105
               1.956       0.99421691245
               1.958       0.99448139982
                1.96         0.994745561
               1.962       0.99500942339
               1.964       0.99527301387
               1.966        0.9955363588
               1.968       0.99579948404
                1.97       0.99606241505
               1.972       0.99632517724
               1.974       0.99658779586
               1.976       0.99685029609
               1.978       0.99711270295
                1.98       0.99737504133
               1.982       0.99763733594
               1.984       0.99789961135
               1.986       0.99816189188
               1.988       0.99842420171
                1.99       0.99868656476
               1.992       0.99894900474
               1.994       0.99921154512
               1.996       0.99947420916
               1.998       0.99973701986
                   2                   1
