               0.002     0.0020911555781
               0.004     0.0041822929918
               0.006      0.006273394313
               0.008     0.0083644421219
                0.01      0.010455419494
               0.012      0.012546309947
               0.014      0.014637097394
               0.016      0.016727766087
               0.018      0.018818300567
                0.02      0.020908685616
               0.022      0.022998906201
               0.024      0.025088947426
               0.026      0.027178794483
               0.028      0.029268432593
                0.03      0.031357846966
               0.032       0.03344702274
               0.034      0.035535944936
               0.036      0.037624598403
               0.038      0.039712967772
                0.04      0.041801037399
               0.042      0.043888791317
               0.044      0.045976213183
               0.046       0.04806328623
               0.048       0.05014999321
                0.05      0.052236316346
               0.052       0.05432223728
               0.054      0.056407737019
               0.056      0.058492795884
               0.058      0.060577393458
                0.06      0.062661508534
               0.062       0.06474511906
               0.064      0.066828202089
               0.066      0.068910733721
               0.068      0.070992689057
                0.07      0.073074042139
               0.072      0.075154765897
               0.074        0.0772348321
               0.076      0.079314211293
               0.078      0.081392872772
                0.08      0.083470784817
               0.082      0.085547914958
               0.084      0.087624229973
               0.086      0.089699695846
               0.088      0.091774277724
                0.09      0.093847939881
               0.092      0.095920645675
               0.094      0.097992357506
               0.096       0.10006303678
               0.098       0.10213264386
                 0.1       0.10420113842
               0.102       0.10626848011
               0.104       0.10833462872
               0.106       0.11039954417
               0.108       0.11246318651
                0.11       0.11452551588
               0.112       0.11658649257
               0.114       0.11864607786
               0.116       0.12070423496
               0.118       0.12276092908
                0.12        0.1248161274
               0.122       0.12686979896
               0.124       0.12892191465
               0.126       0.13097244711
               0.128       0.13302137069
                0.13       0.13506866141
               0.132       0.13711429685
               0.134       0.13915825617
               0.136       0.14120051996
               0.138       0.14324107027
                0.14       0.14527989049
               0.142       0.14731696534
               0.144       0.14935228076
               0.146       0.15138582392
               0.148       0.15341758311
                0.15       0.15544754783
               0.152       0.15747570882
               0.154       0.15950205808
               0.156       0.16152658878
               0.158       0.16354929525
                0.16       0.16557017288
               0.162       0.16758921813
               0.164       0.16960642844
               0.166       0.17162180219
               0.168       0.17363533867
                0.17       0.17564703801
               0.172       0.17765690115
               0.174       0.17966492979
               0.176       0.18167112631
               0.178       0.18367549379
                0.18        0.1856780359
               0.182       0.18767875687
               0.184       0.18967766146
               0.186       0.19167475491
               0.188       0.19367004287
                0.19       0.19566353137
               0.192       0.19765522679
               0.194       0.19964513577
               0.196       0.20163326519
               0.198       0.20361962214
                 0.2       0.20560421383
               0.202       0.20758704759
               0.204       0.20956813077
               0.206       0.21154747074
               0.208       0.21352507483
                0.21       0.21550095026
               0.212       0.21747510412
               0.214       0.21944754331
               0.216       0.22141827448
               0.218       0.22338730402
                0.22       0.22535463797
               0.222       0.22732028198
               0.224       0.22928424131
               0.226       0.23124652069
               0.228       0.23320712437
                0.23       0.23516605633
               0.232       0.23712332072
               0.234       0.23907892189
               0.236       0.24103286438
               0.238       0.24298515297
                0.24       0.24493579299
               0.242       0.24688479043
               0.244       0.24883215187
               0.246       0.25077788449
               0.248       0.25272199595
                0.25       0.25466449442
               0.252        0.2566053885
               0.254       0.25854468717
               0.256       0.26048239977
               0.258       0.26241853594
                0.26       0.26435310559
               0.262       0.26628611886
               0.264       0.26821758635
               0.266       0.27014751929
               0.268       0.27207592954
                0.27       0.27400282952
               0.272       0.27592823222
               0.274       0.27785215117
               0.276       0.27977460038
               0.278        0.2816955943
                0.28       0.28361514784
               0.282       0.28553327629
               0.284        0.2874499953
               0.286       0.28936532087
               0.288       0.29127926928
                0.29       0.29319185709
               0.292       0.29510310108
               0.294       0.29701301826
               0.296       0.29892162577
               0.298       0.30082894092
                 0.3       0.30273498111
               0.302       0.30463976379
               0.304       0.30654330649
               0.306       0.30844562669
               0.308       0.31034674188
                0.31       0.31224666946
               0.312       0.31414542673
               0.314       0.31604303086
               0.316       0.31793949884
               0.318       0.31983484746
                0.32       0.32172909326
               0.322       0.32362225252
               0.324       0.32551434118
               0.326       0.32740537483
               0.328       0.32929536868
                0.33       0.33118433752
               0.332       0.33307229566
               0.334        0.3349592569
               0.336       0.33684523453
               0.338       0.33873024122
                0.34       0.34061428905
               0.342       0.34249738943
               0.344       0.34437955306
               0.346        0.3462607899
               0.348       0.34814110914
                0.35       0.35002051914
               0.352       0.35189902739
               0.354       0.35377664046
               0.356         0.355653364
               0.358       0.35752920261
                0.36       0.35940415991
               0.362       0.36127823838
               0.364       0.36315143941
               0.366       0.36502376319
               0.368       0.36689520868
                0.37       0.36876577359
               0.372       0.37063545429
               0.374       0.37250424579
               0.376        0.3743721417
               0.378       0.37623913414
                0.38       0.37810521376
               0.382       0.37997037026
               0.384       0.38183459288
               0.386       0.38369787043
               0.388       0.38556019128
                0.39       0.38742154332
               0.392       0.38928191396
               0.394       0.39114129007
               0.396       0.39299965797
               0.398       0.39485700343
                 0.4       0.39671331159
               0.402       0.39856856698
               0.404       0.40042275348
               0.406       0.40227585426
               0.408       0.40412785181
                0.41       0.40597872785
               0.412       0.40782846335
               0.414       0.40967703845
               0.416       0.41152443249
               0.418       0.41337062394
                0.42       0.41521559034
               0.422       0.41705930834
               0.424       0.41890175362
               0.426       0.42074290084
               0.428       0.42258272366
                0.43       0.42442119465
               0.432        0.4262582853
               0.434       0.42809396594
               0.436       0.42992820573
               0.438       0.43176097264
                0.44       0.43359223335
               0.442       0.43542195328
               0.444        0.4372500965
               0.446       0.43907662573
               0.448       0.44090150225
                0.45       0.44272468591
               0.452       0.44454613504
               0.454       0.44636580645
               0.456       0.44818365558
               0.458        0.4499996366
                0.46       0.45181370245
               0.462       0.45362580474
               0.464       0.45543589379
               0.466       0.45724391856
               0.468       0.45904982722
                0.47       0.46085356766
               0.472       0.46265508754
               0.474       0.46445433425
               0.476       0.46625125496
               0.478       0.46804579654
                0.48       0.46983790557
               0.482       0.47162752834
               0.484       0.47341461082
               0.486       0.47519909865
               0.488       0.47698093713
                0.49       0.47876007118
               0.492       0.48053644535
               0.494       0.48231000379
               0.496       0.48408069024
               0.498         0.485848448
                 0.5       0.48761321991
               0.502       0.48937494834
               0.504       0.49113357517
               0.506       0.49288904177
               0.508       0.49464128895
                0.51       0.49639025698
               0.512       0.49813588554
               0.514       0.49987811371
               0.516       0.50161687993
               0.518       0.50335212197
                0.52       0.50508377695
               0.522       0.50681178126
               0.524       0.50853607056
               0.526       0.51025657974
               0.528       0.51197324289
                0.53       0.51368599331
               0.532       0.51539476341
               0.534       0.51709948473
               0.536        0.5188000879
               0.538        0.5204965026
                0.54       0.52218865753
               0.542       0.52387648037
               0.544       0.52555989809
               0.546        0.5272388376
               0.548       0.52891322596
                0.55       0.53058299031
               0.552       0.53224805792
               0.554       0.53390835616
               0.556       0.53556381259
               0.558        0.5372143552
                0.56       0.53885991247
               0.562       0.54050041335
               0.564       0.54213578727
               0.566       0.54376596414
               0.568       0.54539087433
                0.57       0.54701044869
               0.572       0.54862461853
               0.574       0.55023331562
               0.576       0.55183647217
               0.578       0.55343402086
                0.58       0.55502589479
               0.582        0.5566120275
               0.584       0.55819235297
               0.586       0.55976680557
               0.588       0.56133532009
                0.59       0.56289783174
               0.592       0.56445427609
               0.594       0.56600458909
               0.596       0.56754870707
               0.598       0.56908656672
                 0.6       0.57061810504
               0.602        0.5721432594
               0.604       0.57366196746
               0.606       0.57517416718
               0.608       0.57667979682
                0.61       0.57817879489
               0.612       0.57967110016
               0.614       0.58115665165
               0.616       0.58263538857
               0.618       0.58410725035
                0.62       0.58557217659
               0.622       0.58703010705
               0.624       0.58848098163
               0.626       0.58992474035
               0.628       0.59136132332
                0.63       0.59279067105
               0.632       0.59421272514
               0.634       0.59562742843
               0.636       0.59703472505
               0.638       0.59843456038
                0.64       0.59982688108
               0.642       0.60121163506
               0.644       0.60258877154
               0.646       0.60395824098
               0.648       0.60531999513
                0.65       0.60667398703
               0.652       0.60802017097
               0.654       0.60935850253
               0.656       0.61068893856
               0.658       0.61201143716
                0.66       0.61332595773
               0.662       0.61463246092
               0.664       0.61593090862
               0.666       0.61722126402
               0.668       0.61850349152
                0.67       0.61977755679
               0.672       0.62104342672
               0.674       0.62230106945
               0.676       0.62355045434
               0.678       0.62479155195
                0.68       0.62602433407
               0.682       0.62724877368
               0.684       0.62846484499
               0.686       0.62967252371
               0.688       0.63087178732
                0.69       0.63206261507
               0.692       0.63324498794
               0.694       0.63441888868
               0.696        0.6355843017
               0.698       0.63674121307
                 0.7       0.63788961054
               0.702       0.63902948341
               0.704       0.64016082258
               0.706        0.6412836205
               0.708       0.64239787112
                0.71       0.64350356985
               0.712       0.64460071358
               0.714       0.64568930057
               0.716       0.64676933048
               0.718        0.6478408043
                0.72       0.64890372432
               0.722       0.64995809411
               0.724       0.65100391846
               0.726       0.65204120334
               0.728       0.65306995591
                0.73        0.6540901844
               0.732       0.65510189814
               0.734        0.6561051075
               0.736       0.65709982382
               0.738       0.65808605942
                0.74       0.65906382751
               0.742       0.66003314218
               0.744       0.66099401831
               0.746       0.66194647161
               0.748       0.66289051861
                0.75       0.66382617696
               0.752       0.66475346549
               0.754       0.66567240415
               0.756       0.66658301399
               0.758       0.66748531713
                0.76       0.66837933668
               0.762       0.66926509679
               0.764        0.6701426225
               0.766       0.67101193983
               0.768       0.67187307584
                0.77       0.67272605875
               0.772       0.67357091787
               0.774       0.67440768357
               0.776       0.67523638722
               0.778       0.67605706114
                0.78       0.67686973858
               0.782       0.67767445394
               0.784       0.67847124325
               0.786       0.67926014418
               0.788       0.68004119647
                0.79       0.68081444225
               0.792         0.681579926
               0.794       0.68233769454
               0.796       0.68308779692
               0.798       0.68383028442
                 0.8       0.68456521044
               0.802       0.68529263048
               0.804       0.68601260208
               0.806       0.68672518477
               0.808       0.68743044007
                0.81       0.68812843154
               0.812       0.68881922477
               0.814       0.68950288727
               0.816       0.69017948846
               0.818       0.69084909955
                0.82       0.69151179352
               0.822       0.69216764504
               0.824        0.6928167304
               0.826       0.69345912748
               0.828       0.69409491562
                0.83       0.69472417562
               0.832       0.69534698965
               0.834       0.69596344117
               0.836       0.69657361489
               0.838       0.69717759668
                0.84       0.69777547354
               0.842       0.69836733347
               0.844       0.69895326547
               0.846       0.69953335944
               0.848       0.70010770611
                0.85       0.70067639697
               0.852       0.70123952422
               0.854       0.70179718067
               0.856       0.70234945973
               0.858       0.70289645525
                0.86       0.70343826152
               0.862       0.70397497328
               0.864       0.70450668575
               0.866       0.70503349464
               0.868       0.70555549605
                0.87        0.7060727864
               0.872        0.7065854624
               0.874       0.70709362093
               0.876       0.70759735901
               0.878       0.70809677374
                0.88       0.70859196219
               0.882       0.70908302136
               0.884       0.70957004809
               0.886       0.71005313904
               0.888       0.71053239053
                0.89       0.71100789856
               0.892        0.7114797587
               0.894       0.71194806598
               0.896        0.7124129149
               0.898       0.71287439928
                 0.9       0.71333261223
               0.902       0.71378764605
               0.904        0.7142395922
               0.906       0.71468854116
               0.908       0.71513458239
                0.91       0.71557780432
               0.912       0.71601829478
               0.914       0.71645614155
               0.916       0.71689143244
               0.918       0.71732425515
                0.92       0.71775469729
               0.922        0.7181828463
               0.924       0.71860878943
               0.926       0.71903261364
               0.928        0.7194544056
                0.93       0.71987425162
               0.932       0.72029223781
               0.934       0.72070845038
               0.936       0.72112297572
               0.938       0.72153590036
                0.94       0.72194731093
               0.942       0.72235729413
               0.944       0.72276593668
               0.946       0.72317332532
               0.948       0.72357954672
                0.95       0.72398468749
               0.952       0.72438883413
               0.954       0.72479207297
               0.956       0.72519449019
               0.958        0.7255961717
                0.96       0.72599720319
               0.962       0.72639767003
               0.964       0.72679765725
               0.966       0.72719724953
               0.968       0.72759653112
                0.97       0.72799558581
               0.972       0.72839449693
               0.974       0.72879334725
               0.976       0.72919221899
               0.978       0.72959119376
                0.98       0.72999035252
               0.982       0.73038977554
               0.984       0.73078954237
               0.986       0.73118973179
               0.988       0.73159042176
                0.99        0.7319916894
               0.992       0.73239361093
               0.994       0.73279626164
               0.996       0.73319971584
               0.998       0.73360404683
                   1       0.73400932684
               1.002       0.73441562698
               1.004       0.73482301723
               1.006       0.73523156638
               1.008       0.73564134196
                1.01       0.73605241038
               1.012       0.73646483722
               1.014       0.73687868737
               1.016       0.73729402495
               1.018       0.73771091332
                1.02       0.73812941502
               1.022       0.73854959176
               1.024       0.73897150436
               1.026       0.73939521278
               1.028         0.739820776
                1.03       0.74024825206
               1.032       0.74067769801
               1.034       0.74110916984
               1.036       0.74154272251
               1.038       0.74197840986
                1.04       0.74241628461
               1.042       0.74285639831
               1.044       0.74329880135
               1.046        0.7437435432
               1.048       0.74419067288
                1.05         0.744640239
               1.052       0.74509228966
               1.054       0.74554687243
               1.056       0.74600403426
               1.058       0.74646382148
                1.06       0.74692627966
               1.062       0.74739145364
               1.064       0.74785938741
               1.066       0.74833012409
               1.068       0.74880370584
                1.07       0.74928017385
               1.072       0.74975956821
               1.074       0.75024192795
               1.076       0.75072729088
               1.078       0.75121569361
                1.08       0.75170717145
               1.082       0.75220175838
               1.084       0.75269948696
               1.086       0.75320038828
               1.088       0.75370449194
                1.09       0.75421182592
               1.092        0.7547224166
               1.094       0.75523628864
               1.096       0.75575346493
               1.098       0.75627396657
                 1.1       0.75679781276
               1.102       0.75732502077
               1.104       0.75785560588
               1.106        0.7583895813
               1.108       0.75892695812
                1.11       0.75946774525
               1.112       0.76001194936
               1.114       0.76055957482
               1.116       0.76111062362
               1.118       0.76166509581
                1.12        0.7622229906
               1.122       0.76278430679
               1.124       0.76334904272
               1.126       0.76391719627
               1.128       0.76448876484
                1.13       0.76506374536
               1.132       0.76564213423
               1.134       0.76622392738
               1.136       0.76680912018
               1.138       0.76739770748
                1.14       0.76798968359
               1.142       0.76858504225
               1.144       0.76918377662
               1.146       0.76978587932
               1.148        0.7703913424
                1.15        0.7710001574
               1.152       0.77161231539
               1.154        0.7722278069
               1.156       0.77284662195
               1.158       0.77346875001
                1.16       0.77409417999
               1.162       0.77472290025
               1.164       0.77535489855
               1.166        0.7759901621
               1.168       0.77662867745
                1.17       0.77727043059
               1.172       0.77791540686
               1.174       0.77856359096
               1.176       0.77921496694
               1.178       0.77986951822
                1.18       0.78052722751
               1.182       0.78118807687
               1.184       0.78185204765
               1.186       0.78251912051
               1.188       0.78318927539
                1.19       0.78386249156
               1.192       0.78453874778
               1.194       0.78521802235
               1.196       0.78590029312
               1.198       0.78658553744
                 1.2       0.78727373214
               1.202       0.78796485356
               1.204       0.78865887749
               1.206       0.78935577916
               1.208       0.79005553325
                1.21       0.79075811383
               1.212       0.79146349439
               1.214        0.7921716478
               1.216        0.7928825463
               1.218       0.79359616149
                1.22       0.79431246428
               1.222       0.79503142494
               1.224       0.79575301303
               1.226       0.79647719742
               1.228       0.79720394623
                1.23       0.79793322688
               1.232       0.79866500602
               1.234       0.79939924954
               1.236       0.80013592256
               1.238       0.80087498941
                1.24        0.8016164136
               1.242       0.80236015787
               1.244       0.80310618442
               1.246        0.8038544552
               1.248       0.80460493189
                1.25       0.80535757594
               1.252       0.80611234854
               1.254       0.80686921064
               1.256       0.80762812293
               1.258       0.80838904589
                1.26       0.80915193972
               1.262        0.8099167644
               1.264       0.81068347968
               1.266       0.81145204506
               1.268       0.81222241983
                1.27       0.81299456302
               1.272       0.81376843346
               1.274       0.81454398974
               1.276       0.81532119025
               1.278       0.81609999315
                1.28       0.81688035639
               1.282       0.81766223772
               1.284       0.81844559467
               1.286        0.8192303846
               1.288       0.82001656464
                1.29       0.82080409175
               1.292       0.82159292271
               1.294       0.82238301411
               1.296       0.82317432235
               1.298       0.82396680369
                 1.3       0.82476041421
               1.302       0.82555510983
               1.304       0.82635084631
               1.306       0.82714757927
               1.308        0.8279452642
                1.31       0.82874385643
               1.312       0.82954331118
               1.314       0.83034358353
               1.316       0.83114462845
               1.318       0.83194640081
                1.32       0.83274885535
               1.322       0.83355194675
               1.324       0.83435562956
               1.326       0.83515985827
               1.328        0.8359645873
                1.33       0.83676977097
               1.332       0.83757536357
               1.334       0.83838131931
               1.336       0.83918759238
               1.338        0.8399941369
                1.34       0.84080090698
               1.342       0.84160785669
               1.344       0.84241494009
               1.346       0.84322211123
               1.348       0.84402932417
                1.35       0.84483653295
               1.352       0.84564369164
               1.354       0.84645075435
               1.356       0.84725767517
               1.358       0.84806440829
                1.36        0.8488709079
               1.362       0.84967712826
               1.364        0.8504830237
               1.366       0.85128854862
               1.368       0.85209365748
                1.37       0.85289830486
               1.372       0.85370244541
               1.374        0.8545060339
               1.376        0.8553090252
               1.378       0.85611137431
                1.38       0.85691303637
               1.382       0.85771396663
               1.384       0.85851412051
               1.386       0.85931345358
               1.388       0.86011192158
                1.39       0.86090948041
               1.392       0.86170608616
               1.394        0.8625016951
               1.396        0.8632962637
               1.398       0.86408974867
                 1.4       0.86488210704
               1.402       0.86567329632
               1.404       0.86646327442
               1.406       0.86725199975
               1.408       0.86803943113
                1.41       0.86882552786
               1.412        0.8696102497
               1.414       0.87039355686
               1.416       0.87117541001
               1.418       0.87195577032
                1.42        0.8727345994
               1.422       0.87351185935
               1.424       0.87428751275
               1.426       0.87506152265
               1.428       0.87583385259
                1.43        0.8766044666
               1.432       0.87737332921
               1.434       0.87814040541
               1.436       0.87890566072
               1.438       0.87966906115
                1.44       0.88043057321
               1.442       0.88119016392
               1.444        0.8819478008
               1.446       0.88270345188
               1.448       0.88345708573
                1.45       0.88420867139
               1.452       0.88495817847
               1.454       0.88570557707
               1.456       0.88645083782
               1.458       0.88719393189
                1.46       0.88793483095
               1.462       0.88867350725
               1.464       0.88940993353
               1.466       0.89014408309
               1.468       0.89087592976
                1.47       0.89160544791
               1.472       0.89233261247
               1.474       0.89305739888
               1.476       0.89377978317
               1.478       0.89449974188
                1.48       0.89521725213
               1.482       0.89593229157
               1.484        0.8966448384
               1.486       0.89735487141
               1.488        0.8980623699
                1.49       0.89876731375
               1.492       0.89946968339
               1.494       0.90016945983
               1.496        0.9008666246
               1.498       0.90156115981
                 1.5       0.90225304815
               1.502       0.90294227283
               1.504       0.90362881764
               1.506       0.90431266694
               1.508       0.90499380563
                1.51       0.90567221919
               1.512       0.90634789364
               1.514       0.90702081556
               1.516       0.90769097211
               1.518       0.90835835098
                1.52       0.90902294044
               1.522       0.90968472928
               1.524       0.91034370688
               1.526       0.91099986315
               1.528       0.91165318856
                1.53       0.91230367412
               1.532       0.91295131137
               1.534       0.91359609244
               1.536       0.91423800994
               1.538       0.91487705707
                1.54       0.91551322753
               1.542       0.91614651557
               1.544       0.91677691594
               1.546       0.91740442396
               1.548       0.91802903543
                1.55       0.91865074668
               1.552       0.91926955456
               1.554       0.91988545641
               1.556       0.92049845009
               1.558       0.92110853394
                1.56       0.92171570681
               1.562       0.92231996802
               1.564       0.92292131738
               1.566       0.92351975518
               1.568       0.92411528216
                1.57       0.92470789956
               1.572       0.92529760902
               1.574       0.92588441268
               1.576        0.9264683131
               1.578       0.92704931326
                1.58        0.9276274166
               1.582       0.92820262694
               1.584       0.92877494854
               1.586       0.92934438604
               1.588        0.9299109445
                1.59       0.93047462932
               1.592        0.9310354463
               1.594       0.93159340162
               1.596       0.93214850178
               1.598       0.93270075363
                 1.6       0.93325016437
               1.602       0.93379674153
               1.604       0.93434049309
               1.606       0.93488142755
               1.608       0.93541955391
                1.61       0.93595488165
               1.612       0.93648742073
               1.614       0.93701718154
               1.616       0.93754417491
               1.618       0.93806841209
                1.62       0.93858990469
               1.622       0.93910866474
               1.624       0.93962470458
               1.626       0.94013803691
               1.628       0.94064867473
                1.63       0.94115663134
               1.632       0.94166192031
               1.634       0.94216455545
               1.636       0.94266455082
               1.638       0.94316192067
                1.64       0.94365667945
               1.642       0.94414884176
               1.644       0.94463842234
               1.646       0.94512543607
               1.648       0.94560989789
                1.65       0.94609182283
               1.652       0.94657122597
               1.654        0.9470481224
               1.656       0.94752252721
               1.658       0.94799445547
                1.66       0.94846392218
               1.662       0.94893094228
               1.664       0.94939553059
               1.666        0.9498577018
               1.668       0.95031747043
                1.67       0.95077485085
               1.672       0.95122985716
               1.674       0.95168250327
               1.676       0.95213280279
               1.678       0.95258076903
                1.68       0.95302641497
               1.682       0.95346975325
               1.684       0.95391079609
               1.686       0.95434955532
               1.688        0.9547860423
                1.69       0.95522026814
               1.692       0.95565224394
               1.694       0.95608198095
               1.696       0.95650949053
               1.698       0.95693478414
                 1.7       0.95735787334
               1.702       0.95777876975
               1.704       0.95819748503
               1.706       0.95861403088
               1.708       0.95902841901
                1.71       0.95944066112
               1.712        0.9598507689
               1.714       0.96025875399
               1.716       0.96066462796
               1.718        0.9610684023
                1.72       0.96147008841
               1.722       0.96186969753
               1.724       0.96226724081
               1.726       0.96266272919
               1.728       0.96305617344
                1.73       0.96344758412
               1.732       0.96383697157
               1.734       0.96422434586
               1.736       0.96460971679
               1.738       0.96499309387
                1.74       0.96537448628
               1.742       0.96575390286
               1.744       0.96613135208
               1.746       0.96650684201
               1.748       0.96688038031
                1.75       0.96725197419
               1.752        0.9676216304
               1.754       0.96798935518
               1.756       0.96835515426
               1.758       0.96871903282
                1.76       0.96908099547
               1.762       0.96944104622
               1.764       0.96979918845
               1.766       0.97015542486
               1.768        0.9705097575
                1.77        0.9708621877
               1.772       0.97121271615
               1.774       0.97156134309
               1.776       0.97190806831
               1.778        0.9722528911
                1.78       0.97259581026
               1.782       0.97293682405
               1.784        0.9732759302
               1.786       0.97361312585
               1.788       0.97394840755
                1.79       0.97428177124
               1.792       0.97461321245
               1.794       0.97494272684
               1.796       0.97527031026
               1.798       0.97559595881
                 1.8       0.97591966877
               1.802       0.97624143664
               1.804       0.97656125912
               1.806        0.9768791331
               1.808       0.97719505567
                1.81       0.97750902411
               1.812       0.97782103607
               1.814       0.97813108981
               1.816       0.97843918424
               1.818       0.97874531897
                1.82       0.97904949423
               1.822       0.97935171094
               1.824       0.97965197063
               1.826       0.97995027547
               1.828       0.98024662826
                1.83       0.98054103243
               1.832       0.98083349201
               1.834       0.98112401162
               1.836        0.9814125965
               1.838       0.98169925247
                1.84       0.98198398592
               1.842       0.98226680382
               1.844        0.9825477137
               1.846       0.98282672365
               1.848       0.98310384231
                1.85       0.98337907884
               1.852       0.98365244296
               1.854       0.98392394492
               1.856       0.98419359557
               1.858       0.98446140638
                1.86       0.98472738944
               1.862       0.98499155742
               1.864       0.98525392358
               1.866       0.98551450174
               1.868       0.98577330631
                1.87        0.9860303522
               1.872       0.98628565491
               1.874       0.98653923044
               1.876       0.98679109531
               1.878       0.98704126652
                1.88        0.9872897616
               1.882       0.98753659854
               1.884       0.98778179578
               1.886       0.98802537224
               1.888       0.98826734728
                1.89       0.98850774067
               1.892       0.98874657262
               1.894       0.98898386374
               1.896       0.98921963503
               1.898       0.98945390787
                 1.9       0.98968670401
               1.902       0.98991804556
               1.904       0.99014795497
               1.906       0.99037645502
               1.908       0.99060356881
                1.91       0.99082931973
               1.912       0.99105373149
               1.914       0.99127682805
               1.916       0.99149863365
               1.918       0.99171917277
                1.92       0.99193847014
               1.922       0.99215655071
               1.924       0.99237343963
               1.926       0.99258916225
               1.928       0.99280374412
                1.93       0.99301721094
               1.932       0.99322958857
               1.934         0.993440903
               1.936       0.99365118035
               1.938       0.99386044687
                1.94       0.99406872888
               1.942       0.99427605279
               1.944       0.99448244507
               1.946       0.99468793226
               1.948       0.99489254091
                1.95       0.99509629761
               1.952       0.99529922894
               1.954       0.99550136149
               1.956       0.99570272203
               1.958       0.99590333801
                1.96       0.99610323772
               1.962       0.99630245021
               1.964       0.99650100529
               1.966       0.99669893345
               1.968       0.99689626587
                1.97       0.99709303434
               1.972       0.99728927125
               1.974       0.99748500953
               1.976       0.99768028265
               1.978       0.99787512454
                1.98       0.99806956959
               1.982       0.99826365259
               1.984       0.99845740868
               1.986       0.99865087335
               1.988       0.99884408239
                1.99       0.99903707184
               1.992       0.99922987796
               1.994       0.99942253719
               1.996       0.99961508612
               1.998       0.99980756147
                   2                   1
